Elevation	Latitude	Longitude	Gulf	Max1	Max2	Max3	Max4	Max5	Max6	Max7	Max8	Max9	Max10	Max11	Max12	Max13	Mean1	Mean2	Mean3	Mean4	Mean5	Mean6	Mean7	Mean8	Mean9	Mean10	Mean11	Mean12	Mean13	Min1	Min2	Min3	Min4	Min5	Min6	Min7	Min8	Min9	Min10	Min11	Min12	Min13
1790	32.42	99.68	0	55.2	60.7	69.1	77.3	84.7	91.1	94.8	93.7	86.7	77.6	65.1	56.9	76.1	43.5	48.6	56.4	64.6	72.8	79.8	83.5	82.6	75.5	66.0	53.7	45.4	64.4	31.8	36.5	43.8	51.8	61.0	68.5	72.3	71.4	64.4	54.4	42.3	33.9	52.7
1400	32.72	99.30	0	55.1	60.6	68.9	76.9	84.0	91.1	95.4	94.8	87.3	78.2	65.8	56.8	76.2	41.8	46.6	54.2	63.0	71.2	79.1	83.0	81.9	74.7	64.6	52.5	44.0	63.1	28.4	32.6	39.5	49.1	58.4	67.0	70.5	69.0	62.0	50.9	39.2	31.1	49.8
201	27.73	98.07	1	67.5	71.7	79.0	84.3	88.5	93.4	96.1	96.2	92.1	85.2	76.5	69.2	83.3	55.8	59.6	66.8	72.5	78.2	82.8	84.6	84.6	80.9	73.5	65.0	57.7	71.8	44.1	47.5	54.6	60.6	67.9	72.2	73.1	73.0	69.7	61.7	53.5	46.2	60.3
4530	30.37	103.67	0	61.1	65.7	71.9	78.7	85.4	90.1	88.7	87.1	83.2	77.6	68.5	61.7	76.6	46.2	50.0	55.7	62.3	70.1	75.9	76.2	74.5	70.2	62.8	53.4	47.2	62.0	31.3	34.3	39.5	45.8	54.7	61.7	63.6	61.9	57.2	48.0	38.3	32.6	47.4
28	29.37	95.23	1	62.2	65.7	72.0	77.3	83.6	88.8	91.2	91.6	87.7	80.8	72.2	64.7	78.2	52.7	55.9	62.5	68.5	75.5	80.7	82.7	82.7	78.7	70.6	62.2	54.9	69.0	43.1	46.1	53.0	59.6	67.3	72.5	74.2	73.8	69.6	60.4	52.1	45.1	59.7
3586	35.22	101.70	0	48.9	54.1	62.2	70.6	78.6	87.4	91.0	88.7	81.8	71.8	58.4	49.8	70.3	35.8	40.6	47.9	56.2	65.2	74.3	78.2	76.3	69.1	58.2	45.1	37.0	57.0	22.6	27.0	33.6	41.7	51.7	61.1	65.3	63.8	56.3	44.6	31.8	24.1	43.6
1157	29.47	101.03	1	61.8	67.0	75.4	82.8	89.0	94.0	96.6	96.6	91.0	81.5	70.5	62.4	80.7	50.3	55.1	63.0	70.4	77.4	82.7	85.0	84.7	79.6	70.1	59.5	51.4	69.1	38.7	43.1	50.5	58.0	65.8	71.3	73.3	72.8	68.2	58.6	48.4	40.4	57.4
24	29.78	94.67	0	61.2	64.7	71.5	77.4	84.0	89.6	91.9	92.1	88.6	81.1	71.4	63.6	78.1	51.5	54.8	61.7	67.8	75.2	81.0	83.2	82.8	78.8	70.0	61.0	53.7	68.5	41.7	44.8	51.8	58.2	66.3	72.3	74.4	73.5	68.9	58.9	50.5	43.8	58.8
3172	32.35	102.55	0	58.1	64.5	72.5	80.8	88.0	93.7	94.5	92.8	87.1	79.1	66.9	59.5	78.1	44.3	49.7	56.8	64.7	73.1	79.7	81.4	80.0	74.2	65.2	53.2	45.8	64.0	30.4	34.8	41.1	48.6	58.2	65.6	68.2	67.1	61.2	51.3	39.4	32.0	49.8
27	29.15	95.45	1	62.8	65.9	72.1	77.5	83.8	89.1	91.8	91.9	88.1	81.2	72.4	65.1	78.5	53.3	56.4	62.9	68.6	75.6	80.9	83.0	82.8	79.0	70.8	62.2	55.2	69.2	43.7	46.9	53.6	59.6	67.3	72.7	74.2	73.7	69.8	60.3	52.0	45.2	59.9
1710	32.77	99.90	0	55.5	61.3	69.7	78.4	86.0	92.4	96.3	95.1	87.8	78.3	65.9	57.2	77.0	43.1	48.4	56.2	64.7	73.3	80.3	84.1	83.0	75.9	65.9	53.6	45.0	64.5	30.7	35.5	42.7	51.0	60.5	68.1	71.9	70.8	63.9	53.5	41.2	32.7	51.9
15	28.32	96.80	1	62.0	65.0	71.5	76.6	82.2	87.7	90.0	89.9	87.3	80.8	71.6	64.9	77.5	53.3	56.5	63.3	70.1	76.9	82.2	83.8	83.7	80.3	73.0	63.3	55.9	70.2	44.5	48.0	55.1	63.6	71.5	76.6	77.6	77.5	73.3	65.1	54.9	46.8	62.9
1045	33.58	98.63	0	53.8	59.6	67.8	76.3	83.9	91.6	97.0	96.3	88.2	78.5	65.3	55.9	76.2	40.3	45.4	53.3	62.2	70.9	79.3	84.0	83.0	75.1	64.8	52.1	42.9	62.8	26.7	31.2	38.8	48.1	57.8	67.0	70.9	69.7	62.0	51.0	38.8	29.8	49.3
1670	33.15	100.23	0	54.4	60.0	69.1	78.0	86.1	93.3	97.4	95.5	87.4	78.0	64.8	56.2	76.7	40.8	45.8	53.9	62.4	71.7	79.8	83.7	82.1	74.2	64.0	50.9	42.5	62.7	27.2	31.6	38.6	46.8	57.3	66.3	70.0	68.7	61.0	49.9	36.9	28.8	48.6
448	32.17	95.83	0	56.7	62.1	69.3	75.7	82.2	88.8	93.4	94.0	87.9	78.4	67.0	58.7	76.2	46.0	50.6	57.6	64.9	72.6	79.5	83.1	82.8	77.0	66.9	55.8	48.0	65.4	35.2	39.0	45.8	54.0	62.9	70.2	72.8	71.6	66.1	55.4	44.6	37.2	54.6
621	30.30	97.70	0	60.3	65.1	72.5	78.9	84.8	90.9	95.0	95.6	90.1	81.4	70.1	62.3	78.9	50.2	54.6	61.7	68.3	75.1	81.0	84.2	84.5	79.5	70.6	59.7	52.1	68.5	40.0	44.0	50.9	57.6	65.4	71.1	73.4	73.3	68.8	59.8	49.3	41.9	58.0
590	30.18	97.68	0	61.5	66.5	73.5	79.6	85.2	91.1	95.2	95.3	90.1	81.8	70.9	63.2	79.5	51.1	55.5	62.6	68.9	75.6	81.5	84.6	84.5	79.5	70.8	60.5	52.9	69.0	40.6	44.4	51.7	58.1	65.9	71.8	74.0	73.6	68.9	59.7	50.1	42.5	58.4
2540	30.88	102.30	0	59.7	65.0	73.3	81.5	88.5	93.6	95.5	94.5	88.3	79.2	68.2	60.7	79.0	45.6	50.5	57.7	66.1	74.2	80.5	82.9	81.9	75.7	66.1	54.6	47.0	65.2	31.5	35.9	42.0	50.6	59.8	67.3	70.2	69.3	63.0	53.0	41.0	33.3	51.4
1755	31.73	99.98	0	57.7	63.7	71.2	79.5	85.4	91.0	94.3	93.3	87.1	78.8	67.1	58.8	77.3	43.1	48.7	56.2	65.3	72.9	79.3	82.2	81.3	75.0	65.2	53.5	44.6	63.9	28.5	33.6	41.2	51.1	60.4	67.5	70.1	69.3	62.8	51.5	39.8	30.4	50.5
3220	30.98	103.73	0	59.6	65.4	73.3	80.6	88.4	94.4	94.7	92.4	86.2	78.8	68.6	60.1	78.5	44.9	49.3	56.0	63.5	71.9	79.1	80.6	78.7	72.6	63.7	53.0	45.4	63.2	30.1	33.2	38.6	46.3	55.4	63.7	66.4	65.0	58.9	48.6	37.3	30.6	47.8
461	32.27	96.63	0	56.2	61.6	68.8	76.1	83.4	90.8	95.6	95.8	89.5	80.1	67.4	58.9	77.0	43.7	48.9	56.6	64.3	72.5	79.9	83.9	83.5	77.1	66.8	55.1	46.5	64.9	31.1	36.2	44.3	52.4	61.6	68.9	72.1	71.1	64.6	53.4	42.7	34.1	52.7
52	28.98	95.98	1	65.7	69.3	75.2	80.1	85.6	90.0	92.4	92.7	89.7	83.5	74.9	67.7	80.6	55.7	59.0	65.4	70.2	76.9	81.6	83.8	83.7	80.1	72.6	64.6	57.4	70.9	45.7	48.7	55.5	60.2	68.1	73.1	75.2	74.6	70.4	61.7	54.3	47.0	61.2
34	29.83	95.00	0	61.3	65.3	71.6	77.3	83.2	88.7	91.6	92.0	88.0	80.5	71.0	63.8	77.9	51.6	55.3	62.2	68.4	75.3	81.1	83.6	83.3	78.8	70.2	61.1	53.9	68.7	41.9	45.2	52.8	59.5	67.4	73.5	75.6	74.5	69.5	59.8	51.1	44.0	59.6
27	30.07	94.28	0	61.1	64.9	71.8	77.9	84.9	90.1	92.7	92.8	88.7	81.1	71.2	63.8	78.4	51.1	54.5	61.5	67.8	75.4	81.0	83.1	82.7	78.3	69.5	60.6	53.5	68.3	41.1	44.0	51.2	57.6	65.8	71.8	73.5	72.5	67.9	57.8	49.9	43.1	58.0
255	28.45	97.70	1	64.5	68.2	75.2	80.7	86.1	91.3	94.6	94.6	90.7	83.4	73.8	66.6	80.8	53.8	57.4	64.6	70.3	76.8	81.6	83.9	83.7	79.9	72.0	63.0	55.7	70.2	43.1	46.5	53.9	59.8	67.4	71.9	73.1	72.8	69.0	60.5	52.1	44.8	59.6
664	31.10	97.48	0	56.8	61.7	69.5	76.5	82.8	89.3	94.0	94.2	88.2	78.9	67.4	59.5	76.6	45.8	50.3	58.3	65.5	72.8	79.3	82.9	82.8	77.1	67.4	56.6	48.4	65.6	34.7	38.9	47.0	54.4	62.8	69.3	71.8	71.3	65.9	55.8	45.8	37.3	54.6
380	27.60	98.42	1	67.7	71.6	78.9	84.7	89.4	94.3	97.0	96.9	91.9	85.1	76.1	69.1	83.6	55.5	59.0	66.2	72.6	78.7	83.3	85.3	84.9	80.5	72.9	63.8	56.8	71.6	43.2	46.3	53.4	60.4	68.0	72.2	73.5	72.9	69.0	60.7	51.5	44.5	59.6
790	32.65	97.45	0	55.1	60.4	68.2	75.9	83.4	91.3	96.6	96.3	88.9	79.1	66.5	57.8	76.6	43.3	48.4	56.2	64.1	72.4	80.1	84.5	84.0	77.0	66.8	55.0	46.2	64.8	31.4	36.3	44.1	52.2	61.4	68.8	72.3	71.6	65.0	54.5	43.5	34.5	53.0
2690	31.20	101.48	0	56.4	61.8	69.8	78.1	85.7	90.9	93.4	92.3	86.0	76.8	65.6	57.6	76.2	42.8	47.7	55.8	63.8	72.2	78.3	80.7	79.5	73.3	63.7	52.4	44.2	62.9	29.1	33.5	41.7	49.4	58.7	65.6	68.0	66.6	60.5	50.5	39.2	30.8	49.5
2500	32.23	101.45	0	55.8	61.3	69.7	78.2	85.7	91.6	94.3	92.9	86.4	77.7	65.8	57.6	76.4	42.7	47.7	55.5	63.9	72.6	79.3	82.7	81.5	74.7	65.2	52.9	44.7	63.6	29.6	34.1	41.2	49.6	59.4	66.9	71.1	70.0	63.0	52.7	40.0	31.7	50.8
1370	30.10	98.42	0	59.2	63.7	71.1	77.7	83.7	89.6	93.7	94.1	88.4	79.6	68.6	60.9	77.5	46.6	50.7	58.1	64.7	72.4	78.6	81.9	81.7	76.3	66.9	56.3	48.5	65.2	34.0	37.7	45.1	51.7	61.0	67.6	70.0	69.2	64.1	54.2	43.9	36.0	52.9
1444	29.80	98.73	0	60.0	64.7	72.0	77.9	83.1	88.6	91.9	92.6	88.1	79.7	69.2	61.6	77.5	47.2	51.3	58.6	64.9	72.1	77.9	80.6	80.6	76.0	66.9	56.6	49.0	65.1	34.3	37.8	45.2	51.9	61.0	67.2	69.3	68.5	63.8	54.1	43.9	36.3	52.8
600	33.63	96.17	0	51.0	56.5	64.5	72.2	79.5	87.4	92.6	92.9	85.4	75.5	62.4	53.5	72.8	40.6	45.5	53.3	61.0	69.6	77.6	82.1	81.6	74.3	63.7	51.6	43.2	62.0	30.2	34.4	42.0	49.8	59.7	67.7	71.6	70.2	63.2	51.9	40.8	32.9	51.2
1880	29.18	102.97	1	69.0	75.1	83.4	91.2	98.6	103.2	102.8	100.9	96.4	88.5	77.8	69.1	88.0	48.5	54.2	62.3	70.4	80.0	86.2	86.8	84.9	80.1	70.1	58.3	49.7	69.3	28.0	33.2	41.2	49.5	61.3	69.2	70.7	68.9	63.7	51.6	38.8	30.3	50.5
3140	35.65	101.45	0	49.4	55.4	63.8	72.4	80.2	88.8	92.6	90.6	84.0	74.3	59.7	50.4	71.8	36.4	41.5	49.0	57.6	66.4	75.3	79.5	77.8	70.8	60.2	46.7	37.9	58.3	23.4	27.5	34.1	42.7	52.6	61.7	66.4	65.0	57.5	46.1	33.6	25.4	44.7
1080	33.55	97.85	0	52.1	58.2	66.1	74.2	81.3	89.1	94.7	94.3	86.3	76.3	63.6	54.9	74.3	40.2	45.4	53.2	61.8	69.9	78.2	82.8	82.2	74.5	64.1	51.5	42.9	62.2	28.3	32.6	40.2	49.3	58.5	67.2	70.9	70.1	62.7	51.9	39.4	30.8	50.2
3191	35.53	102.25	0	51.3	56.4	65.1	73.0	80.4	89.1	92.3	89.7	83.1	73.4	60.4	51.9	72.2	35.9	40.8	48.6	56.6	65.6	75.1	78.8	76.6	69.2	57.8	44.7	36.8	57.2	20.5	25.2	32.1	40.1	50.8	61.1	65.3	63.4	55.3	42.1	28.9	21.6	42.2
1118	29.32	100.42	1	63.8	68.7	76.3	83.1	88.1	92.9	95.5	95.9	91.1	82.9	72.9	64.9	81.3	50.6	54.9	62.7	69.5	76.3	81.4	83.8	83.9	79.2	70.5	59.8	52.0	68.7	37.3	41.1	49.1	55.8	64.4	69.9	72.1	71.8	67.2	58.0	46.6	39.1	56.0
1720	31.12	99.33	0	59.0	63.6	71.4	78.9	84.9	90.5	94.5	93.7	87.8	79.3	68.0	60.4	77.7	45.7	50.2	57.7	65.0	72.5	78.7	82.1	81.4	75.5	66.2	55.3	47.5	64.8	32.3	36.7	43.9	51.1	60.1	66.8	69.7	69.0	63.2	53.1	42.6	34.5	51.9
4160	35.62	103.00	0	50.6	55.6	63.5	71.2	79.0	87.6	91.2	89.4	82.3	73.4	60.2	51.4	71.3	34.8	39.3	46.3	54.3	63.1	72.2	76.4	75.0	67.2	56.8	44.2	35.7	55.4	18.9	22.9	29.0	37.4	47.2	56.7	61.5	60.5	52.1	40.1	28.1	19.9	39.5
1170	32.75	98.90	0	55.8	61.1	69.8	78.4	85.5	92.4	96.8	95.9	88.8	79.3	66.8	57.6	77.4	43.4	48.2	56.7	64.6	72.9	80.4	84.5	83.4	76.2	66.1	53.8	45.0	64.6	30.9	35.2	43.5	50.8	60.3	68.3	72.2	70.9	63.6	52.8	40.8	32.3	51.8
313	30.17	96.40	0	61.9	66.4	73.7	80.1	86.8	92.8	96.7	96.9	91.3	82.5	71.3	63.7	80.3	50.6	54.6	61.6	68.5	75.9	82.0	85.0	84.9	79.6	70.5	60.1	52.6	68.8	39.3	42.7	49.5	56.8	64.9	71.1	73.3	72.9	67.9	58.5	48.8	41.4	57.3
745	33.20	97.77	0	56.1	61.5	70.5	78.3	85.0	91.9	98.0	97.4	89.9	80.0	66.9	58.1	77.8	43.3	48.4	57.0	64.4	72.4	79.3	84.1	83.0	75.9	65.6	54.2	45.4	64.4	30.5	35.3	43.4	50.5	59.8	66.6	70.1	68.5	61.8	51.2	41.5	32.6	51.0
3300	33.18	102.27	0	54.0	59.9	68.0	76.1	84.0	90.8	92.5	90.7	84.6	76.3	63.9	55.6	74.7	40.1	44.8	51.8	60.0	69.2	76.9	79.6	77.9	71.4	61.6	49.5	41.7	60.4	26.1	29.6	35.5	43.9	54.3	62.9	66.6	65.1	58.2	46.9	35.1	27.7	46.0
19	25.90	97.43	1	68.7	72.2	78.0	82.3	86.9	90.5	92.4	92.6	89.4	84.0	76.8	70.2	82.0	59.6	62.7	68.8	73.8	79.3	82.7	83.9	84.0	81.0	75.0	67.7	61.1	73.3	50.5	53.3	59.5	65.2	71.6	74.9	75.4	75.3	72.6	65.9	58.6	52.0	64.6
1385	31.68	98.97	0	57.2	62.3	70.0	77.5	84.1	90.6	95.0	94.6	88.3	79.5	67.5	59.8	77.2	43.4	48.5	56.3	64.3	72.3	79.1	82.9	82.3	75.9	65.9	54.3	46.2	64.3	29.6	34.7	42.5	51.1	60.5	67.6	70.7	70.0	63.4	52.2	41.1	32.5	51.3
730	32.55	97.32	0	54.2	60.0	68.1	75.4	82.5	89.7	94.9	95.0	88.0	77.8	65.2	56.7	75.6	43.7	49.0	56.5	64.6	72.6	80.1	84.3	84.3	77.7	67.1	55.2	46.4	65.1	33.2	37.9	44.9	53.8	62.7	70.5	73.7	73.6	67.3	56.3	45.2	36.1	54.6
1275	30.75	98.23	0	58.5	63.1	70.3	77.3	83.5	89.5	93.6	93.7	88.1	79.2	67.9	60.1	77.1	45.9	50.4	58.0	65.1	72.5	78.7	82.2	81.9	76.4	66.6	56.0	48.0	65.1	33.3	37.7	45.6	52.8	61.5	67.8	70.7	70.0	64.6	54.0	44.1	35.9	53.2
364	30.85	96.97	0	61.9	66.9	74.5	80.5	85.8	91.3	95.7	95.9	90.3	81.7	71.1	63.6	79.9	50.6	55.0	62.3	68.7	75.5	81.3	84.6	84.5	79.2	70.3	60.1	52.4	68.7	39.2	43.1	50.1	56.9	65.1	71.2	73.5	73.1	68.0	58.8	49.0	41.1	57.4
1470	29.68	100.02	1	61.7	66.2	73.5	79.9	86.0	91.1	94.2	94.1	89.5	80.5	70.1	63.0	79.2	47.4	51.8	59.3	66.2	74.0	79.7	82.1	81.6	76.9	67.4	56.7	49.1	66.0	33.1	37.3	45.1	52.5	62.0	68.3	69.9	69.0	64.2	54.2	43.3	35.1	52.8
2300	35.92	100.38	0	47.4	53.6	61.7	71.1	78.9	88.1	93.9	92.8	84.5	73.8	59.1	48.5	71.1	33.1	38.4	46.4	55.9	65.3	74.9	79.9	78.7	70.5	58.6	44.6	34.8	56.8	18.8	23.1	31.0	40.7	51.6	61.7	65.9	64.6	56.4	43.4	30.0	21.0	42.4
2875	30.13	104.68	0	66.6	73.4	81.0	88.9	96.1	101.6	99.9	97.3	93.1	85.6	74.2	66.8	85.4	49.1	54.2	60.8	68.0	76.0	83.2	83.8	81.5	77.1	67.8	55.9	49.3	67.2	31.5	35.0	40.5	47.0	55.9	64.7	67.6	65.7	61.1	50.0	37.5	31.8	49.0
1000	29.87	98.20	0	60.4	64.8	72.3	78.8	84.9	90.8	94.7	95.0	89.5	81.0	70.1	62.3	78.7	49.0	53.0	60.3	67.1	74.1	80.0	83.1	83.0	78.0	69.3	59.0	51.3	67.3	37.6	41.2	48.3	55.3	63.3	69.2	71.4	71.0	66.5	57.5	47.9	40.3	55.8
3590	34.98	101.93	0	52.2	57.8	65.7	74.1	81.9	90.1	92.6	90.1	84.5	75.2	61.5	52.7	73.2	38.0	42.9	50.1	58.4	67.2	75.9	79.3	77.3	70.9	60.5	47.4	39.0	58.9	23.7	27.9	34.5	42.7	52.5	61.6	66.0	64.5	57.2	45.7	33.3	25.3	44.6
613	28.48	99.87	1	65.2	70.6	78.8	85.1	90.3	95.3	98.3	97.6	92.4	83.6	73.5	65.9	83.1	52.4	57.2	65.4	72.6	79.1	84.1	86.3	85.7	81.0	72.0	61.5	53.6	70.9	39.6	43.7	52.0	60.0	67.8	72.9	74.2	73.7	69.6	60.3	49.4	41.2	58.7
1780	29.80	100.73	0	61.3	65.7	72.8	80.3	86.1	90.9	93.8	93.6	88.9	79.5	69.2	61.8	78.7	47.1	51.2	58.6	66.7	74.4	79.6	82.4	81.9	77.2	67.2	56.3	48.1	65.9	32.9	36.6	44.4	53.1	62.6	68.3	71.0	70.2	65.4	54.9	43.4	34.3	53.1
340	32.13	94.35	0	56.5	62.0	69.7	76.4	83.1	89.7	93.7	93.7	87.9	78.7	67.1	59.1	76.5	45.2	49.8	57.4	64.0	72.0	78.9	82.6	82.1	76.2	65.9	55.2	47.6	64.7	33.9	37.5	45.0	51.5	60.9	68.0	71.5	70.4	64.4	53.1	43.2	36.1	53.0
2169	29.13	103.52	1	67.7	74.7	83.3	91.0	99.1	103.4	102.3	100.4	95.9	87.8	76.9	68.4	87.6	50.7	57.2	65.5	73.4	82.4	87.6	88.1	86.5	81.7	72.2	60.2	51.9	71.5	33.6	39.6	47.6	55.8	65.6	71.8	73.8	72.5	67.5	56.5	43.4	35.3	55.3
560	28.33	99.63	1	66.6	71.8	80.0	86.4	92.0	96.1	99.2	99.0	94.2	86.1	75.7	67.9	84.6	53.5	57.9	65.8	72.8	80.0	84.5	86.9	86.6	82.2	73.6	63.3	55.0	71.8	40.4	43.9	51.5	59.2	67.9	72.8	74.5	74.1	70.2	61.0	50.8	42.1	59.0
325	31.80	94.17	0	57.1	62.4	69.8	76.4	83.3	89.7	93.9	93.8	88.2	78.8	67.8	59.8	76.8	46.0	50.2	57.3	64.0	72.2	78.9	82.8	82.0	76.3	65.7	55.7	48.3	65.0	34.9	37.9	44.7	51.5	61.0	68.1	71.6	70.2	64.3	52.6	43.5	36.7	53.1
320	31.25	95.97	0	58.4	63.2	70.9	77.5	84.1	90.4	94.7	95.0	89.3	80.2	68.9	60.9	77.8	46.4	50.6	58.0	64.7	72.6	79.3	83.1	82.7	77.0	66.9	56.5	48.7	65.5	34.3	37.9	45.1	51.9	61.1	68.2	71.4	70.3	64.6	53.5	44.1	36.5	53.2
3790	35.68	102.33	0	47.5	52.8	60.9	68.6	77.9	87.3	90.9	88.5	81.1	71.4	57.7	48.6	69.4	33.8	38.4	45.6	53.8	63.6	73.1	77.5	75.6	67.8	56.8	43.8	35.1	55.4	20.0	23.9	30.2	39.0	49.3	58.9	64.1	62.7	54.5	42.2	29.8	21.5	41.3
25	27.58	97.45	1	67.3	70.5	76.5	81.1	85.4	89.9	92.4	92.6	89.8	83.6	75.4	69.0	81.1	56.5	59.9	66.3	71.9	77.4	81.6	83.4	83.4	80.5	73.7	65.3	58.3	71.5	45.6	49.3	56.1	62.7	69.4	73.3	74.3	74.1	71.2	63.8	55.1	47.5	61.9
441	28.93	98.75	1	67.0	71.7	79.1	84.7	89.4	94.0	96.9	97.0	92.6	85.4	75.5	68.2	83.5	54.2	58.2	65.6	71.6	78.1	82.7	84.8	84.6	80.6	72.8	63.3	55.7	71.0	41.3	44.7	52.0	58.5	66.7	71.4	72.6	72.2	68.6	60.2	51.0	43.2	58.5
1951	34.43	100.28	0	51.9	57.5	66.3	75.4	82.8	91.0	95.3	93.6	86.0	75.8	62.6	53.4	74.3	39.4	44.6	52.7	61.5	70.3	78.6	83.1	81.4	73.8	63.0	50.3	41.3	61.7	26.8	31.6	39.1	47.6	57.7	66.1	70.8	69.1	61.5	50.2	37.9	29.2	49.0
5300	29.27	103.30	1	57.6	61.5	68.3	74.8	82.0	85.4	84.2	82.5	78.8	72.8	64.8	58.8	72.6	46.9	50.3	56.2	62.6	70.3	74.2	74.1	72.6	68.8	62.3	54.1	48.3	61.7	36.1	39.1	44.0	50.3	58.5	63.0	63.9	62.6	58.8	51.7	43.4	37.7	50.8
230	28.47	98.25	1	65.2	69.9	77.2	83.3	88.6	94.1	97.4	97.4	93.2	85.4	75.0	67.1	82.8	53.4	57.6	65.1	71.0	77.6	82.8	85.2	85.2	81.3	73.2	63.3	55.5	70.9	41.6	45.3	52.9	58.6	66.6	71.4	73.0	72.9	69.4	61.0	51.5	43.9	59.0
2700	34.93	100.88	0	51.4	56.6	64.8	73.6	81.4	89.4	94.7	92.6	85.4	75.5	62.1	53.0	73.4	36.9	41.7	49.4	58.0	67.0	75.4	80.2	78.3	70.9	59.9	47.3	38.7	58.6	22.4	26.8	33.9	42.4	52.5	61.4	65.6	63.9	56.3	44.3	32.5	24.4	43.9
435	33.62	95.07	0	51.7	57.5	65.7	73.4	80.1	87.5	92.2	92.5	85.8	76.2	63.5	54.4	73.4	40.7	45.9	54.2	62.0	70.5	78.2	82.2	81.7	74.9	64.0	52.3	43.5	62.5	29.7	34.3	42.6	50.5	60.9	68.9	72.2	70.9	63.9	51.8	41.0	32.6	51.6
3396	35.12	101.37	0	48.5	53.4	61.6	69.9	77.8	86.1	90.5	88.6	81.6	71.9	58.5	49.8	69.9	34.9	39.3	46.7	54.8	63.9	72.9	77.4	75.9	68.6	57.9	45.0	36.5	56.2	21.2	25.2	31.7	39.7	49.9	59.6	64.2	63.1	55.6	43.8	31.4	23.2	42.4
783	32.33	97.40	0	57.7	63.4	71.3	78.6	85.2	92.0	97.0	96.9	89.8	80.4	67.7	59.5	78.3	45.9	51.0	58.6	66.0	73.7	80.5	84.5	84.2	77.7	67.8	56.2	47.9	66.2	34.0	38.5	45.9	53.3	62.2	69.0	72.0	71.5	65.6	55.2	44.7	36.3	54.0
196	30.37	95.10	0	60.2	65.0	72.5	78.3	84.8	90.4	93.7	93.9	89.0	80.1	69.3	62.1	78.3	49.3	53.1	60.5	66.6	74.0	79.9	82.7	82.4	77.7	68.1	58.2	51.0	67.0	38.4	41.2	48.4	54.8	63.2	69.4	71.6	70.9	66.3	56.1	47.1	39.9	55.6
355	30.53	95.15	0	60.0	64.4	71.6	77.9	84.6	90.4	93.8	94.1	89.1	80.9	70.2	62.5	78.3	48.8	52.3	59.3	65.8	73.4	79.4	82.3	82.0	77.3	68.1	58.3	50.9	66.5	37.5	40.2	47.0	53.6	62.2	68.4	70.8	69.8	65.5	55.2	46.4	39.2	54.7
1727	31.82	99.42	0	56.6	62.1	69.5	77.5	83.7	89.7	93.7	93.2	87.1	78.2	66.4	58.1	76.3	43.3	48.6	55.9	64.4	71.9	78.3	81.8	81.1	74.8	65.0	53.4	45.1	63.6	30.0	35.0	42.2	51.3	60.1	66.8	69.8	69.0	62.4	51.8	40.4	32.1	50.9
314	30.58	96.37	0	60.6	65.5	72.6	78.8	85.3	91.7	95.6	96.2	90.9	82.0	70.9	62.8	79.4	50.2	54.5	61.6	67.9	75.3	81.6	84.6	84.7	79.7	70.5	60.0	52.2	68.6	39.8	43.4	50.5	56.9	65.3	71.5	73.6	73.2	68.5	59.0	49.1	41.5	57.7
2105	32.38	100.90	0	57.0	63.5	70.9	79.9	87.0	92.5	95.9	94.2	87.6	78.8	66.9	58.7	77.7	42.0	47.5	55.0	63.9	72.9	79.4	82.7	81.3	74.5	64.3	52.0	43.6	63.3	27.0	31.5	39.0	47.9	58.7	66.3	69.5	68.4	61.3	49.7	37.0	28.4	48.7
199	29.72	96.53	1	64.2	68.4	75.9	81.3	87.2	92.7	96.3	97.4	93.2	85.3	74.5	66.5	81.9	50.5	54.3	61.9	68.0	75.3	80.7	83.3	83.3	78.8	69.8	60.1	52.4	68.2	36.8	40.2	47.9	54.7	63.3	68.6	70.2	69.2	64.4	54.2	45.7	38.2	54.5
245	30.33	95.48	0	60.5	64.7	72.5	78.4	85.0	90.7	94.3	94.3	89.2	80.9	70.6	62.5	78.6	50.3	54.0	61.6	67.9	75.1	81.0	83.7	83.4	78.6	69.6	60.0	52.1	68.1	40.0	43.3	50.6	57.4	65.1	71.3	73.1	72.4	67.9	58.2	49.4	41.7	57.5
2570	31.53	101.28	0	57.3	62.9	71.0	79.6	87.3	92.6	95.8	94.4	88.1	79.0	67.1	59.2	77.9	42.3	47.2	54.9	63.4	72.4	78.8	81.6	80.1	73.8	63.8	51.9	44.0	62.9	27.2	31.5	38.7	47.1	57.4	64.9	67.3	65.8	59.4	48.6	36.7	28.8	47.8
1475	34.12	99.75	0	52.9	58.4	68.0	76.6	85.2	93.3	99.0	97.1	89.2	78.2	65.2	55.1	76.5	38.7	43.7	53.0	61.5	71.3	80.0	85.1	83.3	75.1	63.4	50.9	41.2	62.3	24.5	29.0	37.9	46.3	57.3	66.6	71.2	69.5	61.0	48.6	36.5	27.2	48.0
4480	31.78	105.47	0	58.3	64.0	71.4	79.2	87.3	95.1	94.2	91.7	87.0	78.4	66.6	58.6	77.7	42.1	46.4	52.6	59.6	68.6	77.1	78.8	76.7	71.1	61.1	49.3	42.3	60.5	25.8	28.8	33.8	40.0	49.8	59.0	63.4	61.7	55.2	43.7	31.9	25.9	43.3
20	27.68	97.28	1	65.0	68.4	74.4	79.5	85.0	89.8	91.5	91.9	89.2	83.2	74.7	67.4	80.0	57.8	61.3	67.5	73.1	79.4	84.1	85.5	85.7	82.9	76.5	67.7	60.1	73.5	50.5	54.1	60.6	66.7	73.7	78.3	79.4	79.4	76.6	69.8	60.7	52.8	66.9
41	27.77	97.52	1	66.0	69.7	75.8	80.7	85.6	90.2	93.2	93.4	89.9	83.6	74.9	68.0	80.9	56.1	59.5	66.0	71.5	77.5	81.9	83.8	83.9	80.8	73.8	65.1	58.1	71.5	46.2	49.3	56.2	62.3	69.5	73.5	74.4	74.5	71.6	64.0	55.4	48.1	62.1
413	32.10	96.47	0	55.1	60.2	67.8	75.2	82.3	89.5	94.5	94.8	88.6	78.9	66.5	57.7	75.9	44.6	49.1	56.6	63.9	72.0	79.4	83.7	83.6	77.3	67.1	55.4	47.0	65.0	34.0	38.0	45.4	52.6	61.7	69.3	72.9	72.3	66.0	55.3	44.3	36.2	54.0
2630	31.40	102.32	0	60.1	65.6	73.4	81.4	88.6	94.0	95.3	94.1	87.9	79.4	68.4	60.6	79.1	45.4	50.4	58.2	66.8	75.1	81.6	83.6	82.3	75.7	66.3	54.4	46.1	65.5	30.6	35.2	43.0	52.2	61.5	69.1	71.9	70.4	63.5	53.2	40.4	31.6	51.9
347	31.30	95.45	0	57.6	62.5	70.0	76.7	83.3	89.4	93.3	93.9	88.5	79.5	68.2	60.2	76.9	46.8	50.9	58.1	64.9	72.7	79.2	82.5	82.4	77.2	67.4	56.7	49.0	65.7	35.9	39.3	46.1	53.0	62.1	69.0	71.7	70.9	65.9	55.2	45.2	37.7	54.3
3010	33.65	101.25	0	52.9	58.3	66.5	74.8	82.0	88.9	92.5	90.7	83.9	75.4	62.9	54.5	73.6	39.1	43.7	51.3	59.9	68.5	76.1	79.5	78.0	71.3	61.8	49.4	41.1	60.0	25.3	29.0	36.0	44.9	54.9	63.3	66.5	65.2	58.6	48.1	35.8	27.6	46.3
580	28.68	99.83	1	66.6	71.8	79.7	85.0	90.1	94.5	97.1	96.8	92.3	84.5	74.3	67.2	83.3	54.6	59.4	67.1	73.0	79.3	83.7	85.7	85.5	81.4	73.4	63.2	55.7	71.8	42.6	46.9	54.5	60.9	68.4	72.9	74.3	74.2	70.4	62.3	52.1	44.2	60.3
178	29.08	97.32	1	65.6	69.8	76.0	81.3	86.9	92.2	95.1	95.9	91.4	84.6	74.7	67.1	81.7	53.5	57.3	63.7	69.3	76.1	81.4	83.3	83.5	79.1	71.5	62.0	55.0	69.6	41.3	44.8	51.4	57.2	65.3	70.5	71.5	71.0	66.8	58.3	49.3	42.9	57.5
300	32.92	94.72	0	55.9	61.3	69.3	76.4	83.9	90.8	95.0	95.1	88.5	78.7	66.6	58.7	76.7	44.8	49.3	57.1	64.2	72.8	79.8	83.6	83.1	77.0	66.7	55.4	47.8	65.1	33.7	37.3	44.8	52.0	61.6	68.7	72.2	71.1	65.4	54.6	44.1	36.8	53.5
4000	36.02	102.62	0	46.9	52.7	60.2	68.2	76.7	86.6	90.2	88.2	81.5	70.9	57.6	48.7	69.0	31.4	36.6	43.0	51.7	61.0	71.2	74.9	73.3	66.1	54.0	41.3	32.7	53.1	15.9	20.5	25.7	35.2	45.3	55.7	59.6	58.4	50.7	37.1	24.9	16.7	37.1
3990	36.02	102.55	0	47.9	52.7	60.3	68.1	76.6	86.3	90.0	87.7	80.3	70.4	57.5	48.6	68.9	33.5	38.0	45.0	53.2	62.6	72.2	76.4	74.6	66.7	55.6	42.9	34.5	54.6	19.0	23.3	29.7	38.2	48.6	58.1	62.8	61.5	53.1	40.8	28.2	20.4	40.3
560	32.90	97.02	0	54.1	60.1	68.3	75.9	83.2	91.1	95.4	94.8	87.7	77.9	65.1	56.5	75.8	44.1	49.4	57.4	65.0	73.1	80.9	85.0	84.4	77.5	67.2	55.1	46.7	65.5	34.0	38.7	46.4	54.0	63.0	70.7	74.6	74.0	67.2	56.4	45.1	36.8	55.1
440	32.85	96.85	0	55.4	61.0	69.1	76.5	83.8	91.6	96.1	95.8	88.5	78.6	66.0	57.4	76.7	45.9	51.0	58.8	66.3	74.4	82.2	86.5	86.1	78.9	68.4	56.4	48.0	66.9	36.4	41.0	48.5	56.1	64.9	72.7	76.8	76.4	69.2	58.2	46.8	38.6	57.1
70	29.05	96.23	1	62.4	66.0	72.5	78.8	84.5	89.7	92.6	93.2	89.4	82.4	72.1	64.6	79.0	52.2	55.2	62.0	68.6	75.1	80.5	82.5	82.8	79.2	71.3	61.5	54.3	68.8	41.9	44.4	51.4	58.3	65.7	71.3	72.3	72.4	68.9	60.2	50.8	43.9	58.5
400	33.63	94.63	0	53.4	59.0	67.5	75.4	82.0	88.9	93.4	93.6	86.7	77.3	64.7	55.7	74.8	42.5	47.4	55.3	63.2	70.9	78.0	82.2	81.5	74.9	64.8	53.3	45.2	63.3	31.6	35.7	43.1	50.9	59.8	67.0	71.0	69.3	63.0	52.2	41.8	34.6	51.7
3770	31.90	105.22	0	59.3	65.0	72.3	80.0	89.1	97.2	97.4	94.8	88.9	80.4	68.0	59.4	79.3	42.3	47.3	53.6	61.0	70.7	78.9	81.1	78.8	72.3	62.0	49.8	42.1	61.7	25.3	29.5	34.8	42.0	52.2	60.5	64.8	62.8	55.7	43.6	31.5	24.7	44.0
999	29.38	100.93	1	62.8	68.0	76.0	82.7	88.7	93.7	96.2	96.0	90.6	81.7	70.9	63.5	80.9	51.3	56.1	63.8	70.6	77.7	82.9	85.3	85.1	80.0	71.1	60.1	52.4	69.7	39.7	44.1	51.6	58.5	66.7	72.1	74.3	74.1	69.4	60.5	49.2	41.2	58.5
613	33.82	96.57	0	51.0	56.8	65.1	73.2	80.5	88.4	93.6	93.5	85.9	76.1	63.3	54.0	73.5	40.5	45.5	53.7	61.7	70.0	77.9	82.6	81.9	74.8	64.4	52.9	43.7	62.5	29.9	34.2	42.2	50.2	59.4	67.4	71.6	70.2	63.6	52.6	42.5	33.3	51.4
630	33.20	97.10	0	53.3	59.2	67.2	74.4	81.7	89.2	94.1	93.5	86.1	76.3	64.1	56.0	74.6	42.7	48.0	55.9	63.4	71.6	79.1	83.6	82.7	75.6	65.3	53.6	45.4	63.9	32.0	36.8	44.6	52.4	61.4	69.0	73.1	71.9	65.0	54.3	43.0	34.8	53.2
550	28.68	99.18	1	63.8	68.6	76.9	83.7	88.9	93.8	96.8	96.5	91.5	83.3	73.0	65.3	81.8	52.0	56.6	64.6	71.2	77.9	82.6	84.8	84.8	80.5	71.9	61.9	54.0	70.2	40.2	44.6	52.2	58.6	66.9	71.4	72.8	73.1	69.4	60.5	50.7	42.6	58.6
3850	34.60	102.32	0	48.8	54.0	62.4	70.9	79.4	87.7	90.1	87.6	81.3	71.4	58.4	49.5	70.1	34.6	38.9	45.8	54.1	63.6	72.6	75.9	74.0	67.1	56.3	43.6	35.6	55.2	20.4	23.7	29.1	37.3	47.7	57.5	61.7	60.3	52.9	41.1	28.8	21.7	40.2
1120	30.22	97.98	0	60.6	65.3	73.4	79.9	85.2	90.9	94.6	95.6	89.8	81.0	69.6	62.1	79.0	49.0	53.1	60.7	67.4	74.1	79.8	82.8	83.1	77.6	68.9	58.1	50.7	67.1	37.3	40.8	47.9	54.9	62.9	68.7	71.0	70.6	65.4	56.8	46.5	39.3	55.2
1502	32.10	98.33	0	54.5	59.7	68.0	75.8	82.2	88.7	93.9	94.0	87.0	77.3	64.8	56.4	75.2	42.6	47.5	55.2	63.1	70.6	77.5	81.7	81.4	74.8	65.1	53.3	44.9	63.1	30.7	35.2	42.4	50.4	59.0	66.2	69.5	68.8	62.6	52.8	41.7	33.3	51.1
3655	35.87	101.97	0	47.3	52.5	60.4	69.4	78.2	87.6	91.7	89.2	81.7	71.7	57.8	48.6	69.7	34.1	38.5	45.7	54.4	64.0	73.7	78.4	76.5	68.7	57.6	44.2	35.7	56.0	20.8	24.4	30.9	39.4	49.8	59.7	65.0	63.8	55.7	43.4	30.5	22.8	42.2
760	32.87	97.45	0	54.5	60.4	67.8	75.6	82.7	90.7	95.7	95.4	88.3	78.0	65.5	57.1	76.0	43.0	47.9	55.1	63.4	71.5	79.8	84.1	83.8	76.7	66.3	54.3	45.7	64.3	31.4	35.3	42.3	51.1	60.2	68.8	72.4	72.1	65.1	54.6	43.1	34.2	52.6
808	28.72	100.48	1	64.2	69.4	77.9	85.0	90.5	95.2	98.1	97.9	92.6	83.7	73.2	65.1	82.7	52.2	57.0	65.0	72.0	78.9	83.9	86.4	86.0	81.2	72.1	61.5	53.4	70.8	40.1	44.5	52.1	59.0	67.2	72.5	74.7	74.1	69.8	60.4	49.7	41.7	58.8
1433	32.40	98.82	0	54.6	59.9	68.7	76.7	83.9	90.4	94.9	94.7	87.7	78.4	65.8	56.8	76.0	40.7	45.7	54.2	62.4	70.6	77.9	81.6	80.7	73.7	63.4	51.5	42.8	62.1	26.7	31.5	39.6	48.0	57.3	65.3	68.3	66.7	59.6	48.4	37.1	28.8	48.1
5240	31.83	105.97	0	53.0	59.2	66.1	73.4	82.5	91.4	91.4	88.8	83.8	74.8	62.1	54.1	73.4	41.6	46.7	52.7	59.5	68.0	76.3	77.5	75.5	70.9	61.9	50.0	43.0	60.3	30.1	34.1	39.2	45.5	53.4	61.2	63.5	62.2	57.9	49.0	37.9	31.8	47.2
3918	31.82	106.38	0	57.2	63.4	70.2	78.1	86.7	95.3	94.5	92.0	87.1	77.9	65.5	57.4	77.1	45.1	50.5	57.0	64.6	73.7	82.1	83.3	81.1	75.4	64.9	52.7	45.4	64.7	32.9	37.5	43.7	51.1	60.6	68.8	72.0	70.2	63.7	51.8	39.8	33.4	52.1
579	30.35	97.37	0	61.5	66.3	74.1	80.2	85.9	91.7	95.6	95.9	90.6	82.1	71.0	63.3	79.9	50.8	55.0	62.4	68.7	75.6	81.2	84.3	84.3	79.4	70.7	60.3	52.6	68.8	40.0	43.7	50.7	57.2	65.2	70.7	72.9	72.6	68.1	59.2	49.5	41.9	57.6
435	32.87	95.77	0	53.1	58.5	66.8	74.0	80.4	87.3	92.4	93.0	86.5	76.7	64.5	55.5	74.1	42.4	47.1	55.3	62.7	70.3	77.6	81.8	81.4	75.0	64.5	53.2	44.7	63.0	31.6	35.7	43.8	51.3	60.1	67.9	71.1	69.8	63.4	52.2	41.8	33.9	51.9
590	28.05	99.43	1	67.3	71.7	80.6	86.8	92.4	97.0	99.3	99.4	94.1	86.3	76.6	68.3	85.0	53.9	58.3	66.2	72.7	79.5	84.2	85.9	85.9	81.4	73.0	63.3	55.6	71.7	40.5	44.9	51.8	58.6	66.5	71.4	72.4	72.4	68.7	59.7	49.9	42.8	58.3
1245	31.47	98.17	0	56.5	61.2	68.6	75.5	82.0	88.8	93.3	93.5	87.8	78.6	66.6	58.7	75.9	44.5	49.0	56.1	63.3	70.9	78.0	81.9	81.8	75.8	66.5	54.7	46.9	64.1	32.5	36.7	43.6	51.1	59.8	67.2	70.4	70.0	63.8	54.3	42.8	35.0	52.3
432	31.73	96.20	0	58.5	63.3	70.9	77.6	83.8	90.3	95.0	95.1	89.0	79.7	68.2	60.0	77.6	47.5	51.9	59.4	66.2	73.5	79.9	83.6	83.1	77.0	67.6	57.0	49.0	66.3	36.4	40.5	47.9	54.7	63.1	69.5	72.2	71.0	65.0	55.5	45.8	38.0	55.0
320	26.55	99.13	1	68.0	73.3	82.1	87.8	93.2	97.5	99.7	99.5	94.1	86.7	77.4	69.2	85.7	57.0	61.5	69.4	75.3	81.5	85.7	87.1	86.9	82.7	75.2	66.3	58.4	73.9	45.9	49.6	56.7	62.8	69.8	73.8	74.4	74.3	71.2	63.6	55.1	47.6	62.1
120	27.22	98.13	1	67.6	72.0	79.3	85.1	89.9	94.4	97.0	97.0	92.4	85.5	76.5	69.5	83.9	55.8	59.6	66.7	72.8	79.0	83.4	85.1	84.8	81.1	73.6	64.8	57.8	72.0	43.9	47.2	54.1	60.5	68.1	72.3	73.2	72.6	69.7	61.7	53.1	46.1	60.2
470	32.52	96.67	0	55.5	61.1	68.5	76.2	83.3	90.8	95.7	95.9	89.0	79.2	66.4	57.6	76.6	44.4	49.5	56.9	64.4	72.6	79.7	84.0	83.7	77.3	67.2	55.2	46.8	65.1	33.3	37.8	45.3	52.5	61.8	68.6	72.3	71.4	65.5	55.1	43.9	36.0	53.6
520	29.67	97.12	1	61.8	66.0	73.4	79.3	85.2	90.8	94.6	94.9	90.0	81.9	71.1	63.4	79.4	52.1	55.8	63.0	69.1	75.6	81.0	83.8	83.9	79.3	71.2	61.3	53.8	69.2	42.3	45.6	52.5	58.8	65.9	71.1	73.0	72.9	68.6	60.5	51.4	44.1	58.9
400	29.13	98.17	1	62.7	67.3	74.9	80.7	86.5	92.2	95.7	95.9	91.2	83.3	72.9	65.5	80.7	50.6	54.8	62.6	68.9	76.2	81.8	84.6	84.4	79.6	70.9	60.9	53.0	69.0	38.4	42.2	50.3	57.0	65.9	71.4	73.5	72.8	67.9	58.4	48.9	40.4	57.3
3219	33.97	101.33	0	50.1	55.5	64.0	72.9	81.1	88.8	92.3	90.2	83.0	73.6	60.3	51.5	71.9	36.7	41.4	49.0	58.0	67.2	75.7	79.3	77.4	70.2	59.8	47.1	38.5	58.4	23.2	27.2	33.9	43.1	53.2	62.5	66.3	64.6	57.4	46.0	33.8	25.5	44.7
2769	36.43	100.13	0	45.5	51.5	59.3	69.0	77.0	86.1	91.4	90.3	82.2	71.5	57.1	47.4	69.0	32.9	38.1	45.8	55.2	64.3	73.8	78.7	77.7	69.3	58.0	44.5	35.4	56.1	20.2	24.6	32.2	41.3	51.6	61.5	66.0	65.0	56.4	44.4	31.8	23.3	43.2
4880	30.67	103.88	0	61.1	65.8	71.8	79.3	85.8	91.2	89.5	87.5	83.8	78.4	68.5	62.4	77.1	44.8	48.6	54.0	61.1	68.8	74.9	75.3	73.4	68.9	61.3	51.5	45.8	60.7	28.4	31.3	36.2	42.9	51.7	58.5	61.1	59.3	54.0	44.1	34.5	29.1	44.3
3905	31.18	105.73	0	59.8	65.8	72.4	80.1	88.9	96.0	94.7	91.8	87.8	80.4	68.7	59.8	78.9	42.0	46.9	53.6	60.8	70.3	79.0	80.1	77.8	72.3	62.6	50.0	42.3	61.5	24.2	27.9	34.8	41.5	51.6	61.9	65.4	63.7	56.8	44.7	31.2	24.8	44.0
3000	30.90	102.92	0	60.9	66.5	74.0	82.1	89.4	95.0	95.8	94.5	88.8	81.1	70.5	62.3	80.1	46.2	50.9	58.2	66.0	74.4	81.0	82.5	81.0	75.5	66.4	55.6	47.8	65.5	31.4	35.3	42.3	49.9	59.3	66.9	69.1	67.5	62.1	51.7	40.6	33.2	50.8
320	28.47	98.82	1	66.3	71.4	78.5	85.4	90.3	95.6	98.9	98.4	93.5	85.5	75.5	68.1	84.0	52.7	57.2	64.5	71.2	78.1	83.3	85.7	85.4	80.7	72.2	62.0	54.4	70.6	39.1	42.9	50.4	56.9	65.8	70.9	72.5	72.3	67.9	58.8	48.5	40.6	57.2
469	31.03	96.48	0	59.5	64.1	71.7	77.9	84.2	90.4	95.1	95.5	89.3	80.5	69.2	61.5	78.2	48.9	53.2	60.4	66.9	74.1	80.2	83.7	83.5	77.9	68.8	58.4	50.9	67.2	38.2	42.3	49.1	55.9	64.0	69.9	72.2	71.5	66.5	57.1	47.5	40.2	56.2
1685	30.23	98.92	0	61.2	65.8	72.9	79.4	84.5	89.7	93.1	93.2	88.1	80.0	69.1	62.2	78.3	48.7	52.6	59.8	66.5	73.4	79.0	81.7	81.2	76.2	67.8	57.2	50.0	66.2	36.1	39.3	46.6	53.5	62.2	68.2	70.2	69.2	64.3	55.5	45.3	37.7	54.0
8	28.98	95.38	1	62.6	65.4	71.5	76.5	82.6	87.8	90.2	90.2	86.7	80.2	72.0	65.0	77.6	54.0	56.7	63.1	69.0	75.9	81.5	83.7	83.4	79.5	71.9	63.1	56.2	69.8	45.4	47.9	54.7	61.4	69.2	75.1	77.2	76.5	72.2	63.5	54.1	47.4	62.1
510	27.90	98.62	1	67.4	71.3	78.7	85.1	90.2	94.8	97.3	97.5	92.4	85.4	76.4	68.2	83.7	55.0	58.6	66.0	72.4	78.6	83.2	85.1	85.1	80.7	73.4	63.7	56.3	71.5	42.5	45.8	53.2	59.6	66.9	71.5	72.9	72.6	68.9	61.3	51.0	44.4	59.2
4010	34.65	102.72	0	49.9	55.1	62.9	70.7	79.0	87.5	89.8	87.8	81.5	72.2	59.3	50.8	70.5	35.8	40.3	47.3	55.2	64.4	73.3	76.4	74.6	67.9	57.5	45.1	37.0	56.2	21.7	25.4	31.7	39.7	49.8	59.1	63.0	61.4	54.3	42.7	30.9	23.1	41.9
2530	32.77	101.47	0	57.0	62.7	71.3	79.5	86.4	92.1	94.6	93.0	86.4	78.1	66.2	58.5	77.2	43.4	48.3	56.3	64.4	72.4	78.9	81.7	80.2	73.6	64.7	52.7	45.1	63.5	29.8	33.8	41.2	49.2	58.4	65.7	68.8	67.4	60.8	51.2	39.1	31.6	49.8
780	33.63	97.15	0	51.8	57.3	66.2	74.3	81.4	89.4	94.7	94.4	86.8	77.0	64.1	54.8	74.4	40.1	45.3	53.9	62.2	70.3	78.6	83.4	82.8	75.2	64.5	52.4	43.1	62.7	28.3	33.2	41.5	50.1	59.1	67.8	72.0	71.1	63.6	52.0	40.6	31.4	50.9
870	33.65	97.07	0	51.3	57.9	66.0	74.0	80.5	87.7	94.0	94.4	86.5	76.6	63.1	53.9	73.8	40.7	46.5	53.9	62.2	70.0	77.8	83.2	83.1	75.6	65.3	52.4	43.5	62.9	30.0	35.0	41.7	50.4	59.5	67.8	72.3	71.8	64.7	53.9	41.7	33.0	51.8
10	29.33	94.78	1	61.9	64.4	70.0	75.2	81.4	86.6	88.7	89.3	86.5	79.7	71.3	64.3	76.6	55.8	58.0	64.1	70.0	76.9	82.2	84.3	84.4	81.1	74.1	65.4	58.1	71.2	49.7	51.5	58.2	64.7	72.3	77.8	79.8	79.5	75.6	68.4	59.4	51.8	65.7
2640	31.87	101.50	0	56.4	62.1	70.8	78.7	86.2	91.6	94.0	92.6	86.2	77.7	66.2	58.2	76.7	41.6	46.6	54.4	62.6	71.5	78.2	81.0	79.7	73.3	63.7	51.5	43.5	62.3	26.7	31.1	37.9	46.4	56.7	64.8	68.0	66.7	60.3	49.6	36.8	28.7	47.8
760	31.38	97.72	0	61.2	66.1	73.8	80.1	85.7	91.7	96.4	96.4	90.5	81.9	70.6	62.7	79.8	47.4	52.0	59.8	66.5	73.8	79.9	83.5	82.8	77.0	67.8	57.0	49.0	66.4	33.5	37.9	45.7	52.9	61.9	68.0	70.5	69.2	63.4	53.6	43.3	35.2	52.9
840	30.68	97.72	0	59.2	63.6	71.4	78.3	84.7	90.6	95.7	95.9	89.6	80.7	68.9	60.8	78.3	47.2	51.3	59.1	66.5	73.8	80.0	83.8	83.6	77.9	68.5	57.7	49.5	66.6	35.1	38.9	46.8	54.6	62.8	69.3	71.8	71.3	66.2	56.3	46.5	38.1	54.8
390	32.75	95.05	0	55.0	60.6	68.2	75.2	82.0	89.0	93.4	93.7	87.5	77.9	66.1	57.8	75.5	43.2	48.0	55.4	62.4	70.6	78.0	82.0	81.3	74.9	64.4	53.8	45.9	63.3	31.4	35.3	42.5	49.5	59.2	66.9	70.5	68.9	62.3	50.9	41.5	33.9	51.1
655	32.23	97.78	0	58.2	64.0	72.3	79.6	86.0	92.5	97.3	97.0	89.5	80.5	68.5	59.9	78.8	43.6	48.9	57.1	64.7	72.4	79.6	83.4	82.4	75.6	65.7	54.2	45.5	64.4	28.9	33.7	41.9	49.7	58.7	66.6	69.5	67.7	61.7	50.9	39.9	31.1	50.0
1500	31.45	98.58	0	58.6	63.0	70.7	77.3	82.8	88.1	92.0	91.5	86.5	78.7	67.7	60.0	76.4	46.9	51.3	58.7	65.7	72.5	78.3	81.6	81.2	76.0	67.6	56.7	48.5	65.4	35.2	39.5	46.6	54.0	62.1	68.4	71.1	70.8	65.5	56.5	45.6	37.0	54.4
142	28.67	97.40	1	68.1	71.9	78.2	83.0	87.8	92.6	95.5	96.1	92.4	85.7	76.3	69.7	83.1	55.7	59.1	65.7	71.1	77.5	82.2	84.3	84.5	80.7	73.1	64.1	57.4	71.3	43.3	46.2	53.1	59.1	67.2	71.7	73.1	72.8	68.9	60.4	51.9	45.1	59.4
380	29.53	97.45	1	60.7	65.0	72.3	78.5	84.5	90.2	93.9	93.9	89.0	81.1	70.7	62.9	78.6	49.7	53.6	61.1	67.3	74.7	80.5	83.5	83.2	78.4	69.5	59.4	51.7	67.7	38.7	42.2	49.9	56.1	64.9	70.8	73.0	72.4	67.7	57.9	48.1	40.4	56.8
1050	33.10	98.58	0	55.0	60.6	69.4	77.3	84.2	91.2	96.6	96.2	88.9	79.3	66.4	57.3	76.9	41.1	46.5	55.1	63.1	71.8	79.5	84.1	83.1	75.4	64.4	52.4	43.2	63.3	27.1	32.3	40.8	48.9	59.4	67.7	71.5	70.0	61.8	49.5	38.3	29.0	49.7
2440	31.30	102.83	0	60.8	67.1	75.4	83.6	91.0	96.7	98.0	96.1	90.0	81.7	70.3	61.6	81.0	43.8	49.2	57.3	65.7	74.5	82.0	84.0	82.3	75.9	65.9	53.6	44.9	64.9	26.7	31.2	39.2	47.7	57.9	67.2	70.0	68.5	61.8	50.0	36.8	28.1	48.8
565	30.70	97.33	0	58.3	62.7	70.2	77.5	84.0	90.2	94.5	94.8	89.5	80.1	68.4	60.3	77.5	47.1	51.1	59.1	66.3	73.7	79.9	83.3	83.3	78.1	68.4	57.5	49.3	66.4	35.8	39.5	47.9	55.0	63.4	69.5	72.1	71.8	66.6	56.6	46.5	38.2	55.2
585	32.95	97.05	0	54.0	59.7	67.8	75.2	82.5	90.3	95.5	95.3	88.3	78.5	65.6	56.8	75.8	42.4	47.6	55.6	63.3	71.6	79.4	84.0	83.4	76.5	65.9	54.2	45.4	64.1	30.8	35.5	43.4	51.3	60.6	68.4	72.5	71.5	64.7	53.3	42.7	33.9	52.4
545	33.17	96.10	0	52.1	57.7	65.8	73.5	80.6	88.6	93.3	93.4	86.4	76.5	63.7	54.7	73.9	41.7	46.5	54.2	61.9	70.3	78.3	82.7	82.3	75.6	64.9	53.1	44.4	63.0	31.2	35.2	42.5	50.3	59.9	67.9	72.1	71.2	64.7	53.3	42.5	34.1	52.1
350	31.07	95.13	0	60.8	65.8	73.2	79.2	85.6	91.2	94.8	95.0	89.8	81.8	70.8	62.7	79.2	49.0	53.3	60.0	66.3	73.7	79.9	83.1	82.6	77.4	68.2	58.0	50.4	66.8	37.1	40.8	46.7	53.4	61.8	68.5	71.4	70.2	64.9	54.5	45.2	38.0	54.4
3170	36.25	101.40	0	46.4	52.2	60.7	69.5	77.5	87.7	92.2	90.1	82.6	72.2	57.2	47.4	69.6	32.3	37.2	45.3	54.6	63.8	73.9	78.3	76.6	68.7	56.9	43.0	33.9	55.4	18.2	22.1	29.9	39.6	50.0	60.0	64.4	63.0	54.7	41.5	28.8	20.3	41.0
1740	33.62	100.32	0	53.7	59.3	67.9	77.4	85.0	92.1	96.7	95.0	87.4	78.0	64.6	55.1	76.0	38.8	44.0	52.0	61.0	70.1	78.0	82.3	80.8	73.3	62.6	49.6	40.4	61.1	23.9	28.7	36.1	44.6	55.2	63.8	67.9	66.5	59.1	47.2	34.6	25.7	46.1
275	29.47	96.95	1	63.5	67.7	74.5	80.1	85.8	90.8	94.4	94.9	90.5	83.0	72.8	65.3	80.3	52.7	56.4	63.4	69.2	76.0	81.1	83.7	83.7	79.6	71.5	61.9	54.5	69.5	41.8	45.0	52.2	58.3	66.2	71.4	72.9	72.5	68.6	60.0	50.9	43.7	58.6
1260	31.72	98.15	0	56.7	61.7	69.3	76.1	82.8	89.5	94.3	93.6	86.8	78.1	66.7	58.6	76.2	45.1	49.8	57.0	64.0	71.8	78.8	82.8	81.9	75.4	66.3	55.0	47.2	64.6	33.4	37.8	44.6	51.8	60.7	68.0	71.3	70.2	64.0	54.4	43.3	35.7	52.9
38	26.20	97.67	1	68.8	72.7	79.6	83.9	88.6	92.5	94.5	94.9	91.2	85.2	77.4	70.4	83.3	58.6	62.1	68.8	73.7	79.3	83.0	84.4	84.5	81.3	74.8	67.2	60.4	73.2	48.4	51.4	57.9	63.5	70.0	73.5	74.3	74.1	71.4	64.3	57.0	50.3	63.0
3640	34.37	102.08	0	50.4	56.2	63.9	72.2	80.0	87.8	90.4	88.1	82.1	73.3	60.2	51.7	71.4	35.4	40.1	47.3	55.9	65.0	73.5	76.6	74.5	68.1	58.0	45.3	37.3	56.4	20.3	24.0	30.6	39.6	50.0	59.2	62.7	60.9	54.1	42.6	30.4	22.8	41.4
1600	33.15	99.75	0	54.1	59.5	68.6	77.6	85.3	91.7	96.1	95.0	87.6	78.0	64.9	56.1	76.2	41.5	46.6	54.9	63.8	72.7	80.0	84.4	83.3	75.8	65.4	52.8	43.9	63.8	28.8	33.6	41.1	50.0	60.0	68.3	72.7	71.5	64.0	52.7	40.7	31.6	51.3
580	27.32	98.68	1	68.0	72.5	80.1	85.7	91.0	95.3	97.5	97.7	92.9	85.8	76.9	69.2	84.4	55.9	60.0	67.6	73.6	79.7	83.9	85.4	85.3	81.3	73.6	64.8	57.3	72.4	43.8	47.5	55.1	61.4	68.4	72.4	73.2	72.9	69.6	61.3	52.7	45.3	60.3
420	32.18	94.80	0	55.6	61.0	68.5	75.5	82.3	89.1	93.1	93.3	87.1	77.9	66.6	58.4	75.7	44.4	48.8	55.9	62.8	70.9	78.0	81.9	81.4	75.3	65.1	54.5	46.8	63.8	33.1	36.6	43.2	50.1	59.4	66.9	70.6	69.5	63.4	52.2	42.4	35.1	51.9
930	33.82	98.20	0	51.1	56.8	65.6	73.9	81.4	89.0	95.0	94.4	86.5	76.6	63.5	54.2	74.0	39.0	44.2	52.7	61.1	69.7	77.7	82.9	81.9	74.3	63.5	51.1	42.1	61.7	26.8	31.6	39.8	48.2	58.0	66.4	70.7	69.4	62.1	50.4	38.6	29.9	49.3
3820	34.82	102.40	0	49.8	55.1	63.6	72.0	80.2	88.9	91.6	89.3	82.6	72.9	59.7	50.6	71.4	35.5	39.9	47.3	55.7	65.0	74.0	77.6	75.7	68.5	57.7	44.9	36.6	56.5	21.1	24.6	30.9	39.4	49.7	59.1	63.5	62.1	54.3	42.5	30.1	22.6	41.7
1025	31.98	98.03	0	56.9	61.7	68.7	76.3	82.2	89.1	93.8	93.9	87.3	78.0	66.3	58.4	76.1	43.5	47.9	55.2	63.3	70.9	78.5	82.1	81.8	75.1	65.1	53.6	45.4	63.5	30.1	34.1	41.6	50.3	59.6	67.8	70.4	69.6	62.8	52.2	40.8	32.3	51.0
550	32.02	97.12	0	57.4	62.9	70.9	77.5	83.9	90.6	95.2	95.3	89.2	80.0	68.0	59.6	77.5	46.3	51.4	59.1	65.9	73.4	80.2	84.1	84.0	77.9	68.3	56.9	48.6	66.3	35.2	39.8	47.2	54.2	62.9	69.7	72.9	72.6	66.5	56.5	45.8	37.6	55.1
920	29.37	99.17	1	62.4	67.3	74.7	80.9	86.5	91.9	94.8	94.9	90.0	81.5	70.9	63.9	80.0	50.3	54.9	62.2	68.7	75.7	81.0	83.1	82.9	78.6	70.0	59.3	52.0	68.2	38.1	42.4	49.6	56.4	64.8	70.0	71.3	70.9	67.1	58.5	47.7	40.1	56.4
1942	31.85	99.57	0	55.9	61.2	69.3	77.2	84.0	89.8	93.7	93.1	86.9	78.2	65.9	57.8	76.1	42.5	47.5	55.4	63.4	71.1	77.7	81.2	80.5	74.0	64.6	52.9	44.5	62.9	29.1	33.7	41.4	49.5	58.2	65.5	68.7	67.8	61.0	50.9	39.8	31.2	49.7
95	30.00	95.37	0	62.3	66.5	73.3	79.1	85.5	90.7	93.6	93.5	89.3	82.0	72.0	64.6	79.4	51.8	55.4	62.3	68.5	75.8	81.3	83.6	83.3	78.9	70.4	60.9	53.7	68.8	41.2	44.3	51.3	57.9	66.1	71.8	73.5	73.0	68.4	58.8	49.8	42.8	58.2
44	29.65	95.28	1	63.3	67.1	73.6	79.4	85.9	91.0	93.6	93.4	89.3	82.0	72.5	65.4	79.7	54.3	57.7	64.2	70.0	77.0	82.3	84.5	84.4	80.5	72.2	63.0	56.1	70.5	45.2	48.2	54.8	60.6	68.1	73.5	75.3	75.3	71.6	62.3	53.4	46.7	61.3
58	29.92	95.15	0	62.6	66.3	72.8	78.5	85.2	90.8	93.9	94.2	89.9	81.4	72.1	64.8	79.4	51.3	54.3	61.2	67.5	74.8	80.2	82.8	82.8	78.9	69.5	60.5	53.1	68.1	39.9	42.3	49.6	56.5	64.3	69.6	71.6	71.4	67.9	57.6	48.9	41.4	56.8
1630	29.98	101.18	0	62.0	67.4	76.0	82.3	88.7	93.3	95.5	94.9	89.8	81.2	70.5	62.8	80.4	47.9	52.2	60.8	68.1	76.0	81.7	84.0	83.4	78.1	68.7	57.5	49.0	67.3	33.7	37.0	45.5	53.8	63.3	70.0	72.4	71.9	66.3	56.2	44.4	35.2	54.1
494	30.72	95.55	0	57.9	62.8	70.6	77.5	84.4	90.3	93.8	93.5	88.0	79.3	68.5	60.3	77.2	48.5	52.7	60.2	66.9	74.2	80.2	83.2	82.8	77.6	68.8	58.7	50.8	67.1	39.0	42.6	49.7	56.3	64.0	70.1	72.6	72.1	67.2	58.2	48.9	41.2	56.8
1100	33.23	98.15	0	53.0	58.7	66.5	74.6	81.8	89.4	94.4	93.9	86.2	76.4	63.9	55.7	74.5	41.4	46.5	54.2	62.7	70.8	78.9	83.4	82.6	75.2	64.9	52.6	44.1	63.1	29.7	34.2	41.9	50.8	59.8	68.4	72.3	71.3	64.2	53.3	41.2	32.4	51.6
560	31.97	95.27	0	57.5	62.4	69.9	76.9	83.3	89.7	94.0	93.8	87.9	79.1	67.6	59.6	76.8	46.2	50.4	57.6	65.2	72.9	79.4	83.1	82.4	76.8	67.3	56.0	48.6	65.5	34.8	38.4	45.2	53.4	62.5	69.0	72.2	71.0	65.6	55.4	44.4	37.6	54.1
2010	33.25	100.57	0	53.8	59.2	67.9	77.0	84.4	91.3	95.7	93.8	86.4	77.1	64.4	55.6	75.6	39.4	44.4	52.3	61.4	70.3	78.2	82.4	80.8	73.3	62.9	50.1	41.3	61.4	24.9	29.5	36.6	45.7	56.2	65.1	69.1	67.7	60.2	48.7	35.7	27.0	47.2
199	32.77	94.33	0	54.7	60.0	68.3	75.3	81.9	88.4	93.1	93.1	87.1	77.6	65.7	57.1	75.2	43.1	47.7	56.1	62.9	71.2	78.2	82.0	81.4	74.9	63.8	53.5	45.7	63.4	31.4	35.4	43.8	50.4	60.5	67.9	70.8	69.6	62.7	50.0	41.2	34.2	51.5
510	31.35	96.15	0	59.1	63.7	71.8	77.6	84.0	89.7	93.6	95.0	88.9	80.1	68.8	60.8	77.8	48.6	52.7	60.3	66.5	73.6	79.6	82.9	83.2	77.6	68.7	58.3	50.6	66.9	38.1	41.7	48.7	55.3	63.2	69.4	72.1	71.4	66.3	57.3	47.8	40.4	56.0
1232	30.28	98.42	0	61.3	65.5	73.0	80.0	86.0	91.9	96.0	96.0	90.6	81.7	70.6	62.9	79.6	47.0	51.3	58.7	65.7	73.2	79.6	83.0	82.8	77.5	68.0	57.4	49.3	66.1	32.7	37.1	44.4	51.4	60.4	67.2	70.0	69.5	64.4	54.3	44.1	35.7	52.6
1747	30.45	99.80	0	61.0	65.8	73.1	79.5	85.9	91.6	94.8	94.4	88.8	80.2	69.2	62.1	78.9	45.2	50.0	57.5	65.0	72.8	79.1	81.6	80.8	75.4	65.8	54.2	46.8	64.5	29.3	34.1	41.8	50.5	59.6	66.5	68.4	67.1	61.9	51.3	39.2	31.4	50.1
450	28.90	97.88	1	63.2	67.5	74.5	80.4	86.3	92.0	94.9	95.2	90.2	82.8	72.5	65.3	80.4	52.0	55.7	62.7	68.9	75.9	81.3	83.6	83.6	79.2	71.3	61.3	54.0	69.1	40.7	43.9	50.9	57.4	65.5	70.5	72.3	72.0	68.1	59.8	50.1	42.7	57.8
420	32.57	96.27	0	54.0	59.4	67.0	74.3	81.5	89.2	94.6	95.1	88.4	78.4	65.6	56.6	75.3	43.2	48.1	55.7	63.0	71.3	78.9	83.5	83.3	76.7	66.0	54.3	45.6	64.1	32.3	36.7	44.4	51.6	61.1	68.6	72.3	71.4	65.0	53.6	42.9	34.6	52.9
4860	31.00	104.12	0	55.5	60.8	67.9	75.9	83.4	90.1	89.2	86.3	81.4	74.9	65.0	57.7	74.0	43.2	47.2	53.4	60.9	69.0	75.7	76.5	74.0	69.2	61.8	51.5	44.4	60.6	30.9	33.5	38.8	45.9	54.6	61.2	63.7	61.7	57.0	48.6	37.9	31.0	47.1
1782	30.07	99.12	0	58.3	62.7	70.0	76.7	82.3	88.1	91.6	91.9	86.5	77.8	67.1	59.9	76.1	45.3	49.7	57.3	64.4	71.7	77.7	80.5	80.1	74.9	65.6	55.1	47.3	64.1	32.3	36.6	44.5	52.1	61.1	67.3	69.3	68.3	63.3	53.3	43.0	34.7	52.2
910	31.07	97.73	0	58.0	62.8	69.9	78.0	84.1	91.0	95.3	95.7	89.2	80.2	68.1	60.2	77.7	46.0	50.4	57.6	65.5	72.8	79.9	83.5	83.5	77.3	68.0	56.2	48.2	65.7	34.0	37.9	45.3	52.9	61.5	68.8	71.7	71.3	65.4	55.7	44.2	36.1	53.7
66	27.52	97.87	1	68.3	71.7	78.1	83.5	87.8	92.6	95.5	95.6	91.9	85.3	76.5	70.2	83.1	55.9	59.4	65.9	72.0	77.6	82.3	84.3	84.4	81.0	73.5	64.7	58.0	71.6	43.4	47.1	53.6	60.4	67.4	71.9	73.1	73.2	70.0	61.7	52.8	45.7	60.0
56	27.50	97.82	1	67.6	71.8	78.5	83.4	88.3	92.7	95.1	95.1	91.2	85.1	76.4	69.1	82.9	57.1	60.8	67.6	73.1	79.2	83.5	85.2	85.1	81.5	74.6	65.8	58.6	72.7	46.5	49.7	56.7	62.8	70.1	74.3	75.3	75.1	71.7	64.0	55.1	48.1	62.5
357	29.92	96.88	0	62.6	67.1	74.4	80.5	86.3	91.7	95.9	96.0	90.6	82.8	71.8	64.3	80.3	52.0	55.8	62.9	69.1	76.0	81.6	84.5	84.4	79.4	71.2	61.1	53.6	69.3	41.4	44.5	51.4	57.7	65.7	71.4	73.1	72.8	68.1	59.5	50.4	42.9	58.2
759	28.98	99.87	1	64.1	69.7	77.7	84.6	89.7	94.7	97.8	97.8	92.5	84.0	73.6	65.8	82.7	51.4	56.3	64.2	71.2	77.8	83.1	85.5	85.3	80.6	71.5	61.5	53.1	70.1	38.7	42.9	50.6	57.7	65.8	71.4	73.1	72.7	68.7	59.0	49.3	40.4	57.5
3800	31.97	106.60	0	59.6	65.8	73.2	80.7	89.0	97.2	97.2	94.3	89.6	80.5	68.0	59.1	79.5	44.7	49.7	56.1	63.0	71.6	80.4	82.7	80.5	75.3	64.8	52.5	44.6	63.8	29.7	33.6	38.9	45.3	54.2	63.6	68.1	66.7	61.0	49.1	37.0	30.0	48.1
2440	29.27	103.80	1	69.2	76.1	83.7	91.2	97.6	101.7	100.6	98.5	94.7	87.3	76.9	69.4	87.2	52.1	58.0	65.0	72.6	80.6	87.0	87.1	85.4	81.2	71.7	59.8	52.7	71.1	34.9	39.8	46.2	54.0	63.5	72.3	73.5	72.2	67.6	56.0	42.7	35.9	54.9
2100	32.33	100.92	0	54.9	60.4	68.4	76.5	84.1	90.1	93.3	92.2	85.6	77.0	65.2	56.4	75.3	42.1	47.3	55.3	63.4	72.3	79.0	82.2	81.2	74.5	64.8	53.0	44.0	63.3	29.3	34.1	42.1	50.2	60.4	67.9	71.1	70.2	63.3	52.6	40.8	31.6	51.1
414	32.82	95.53	0	49.6	54.7	62.7	70.3	78.0	85.8	89.9	90.4	83.8	74.0	61.1	52.3	71.1	40.4	44.9	52.9	60.3	69.0	76.6	80.6	80.0	73.7	63.0	51.5	43.0	61.3	31.1	35.1	43.0	50.3	59.9	67.3	71.3	69.6	63.5	51.9	41.9	33.7	51.6
1167	33.75	99.15	0	51.7	57.5	66.6	76.0	84.2	92.1	97.5	96.1	87.8	77.4	63.6	53.8	75.4	39.9	45.2	53.7	63.0	71.8	80.0	84.9	83.7	75.8	65.1	52.2	42.6	63.2	28.1	32.9	40.8	49.9	59.3	67.8	72.3	71.3	63.8	52.7	40.7	31.4	50.9
2965	32.72	101.95	0	54.2	59.9	68.1	76.1	84.2	90.6	92.9	91.3	84.8	76.5	64.6	56.1	74.9	40.1	45.0	52.2	60.2	69.5	76.8	79.7	78.2	71.9	62.3	50.2	42.1	60.7	26.0	30.0	36.2	44.3	54.8	63.0	66.4	65.0	59.0	48.0	35.7	28.0	46.4
1032	31.07	98.18	0	57.8	62.4	70.1	77.2	83.1	89.5	94.1	94.1	88.2	79.2	67.7	59.5	76.9	44.1	48.5	56.3	63.9	71.9	78.8	82.4	81.8	75.7	65.7	54.4	46.1	64.1	30.4	34.6	42.5	50.5	60.6	68.1	70.7	69.4	63.2	52.1	41.0	32.6	51.3
1290	29.80	101.57	0	61.8	67.2	75.8	84.0	90.6	95.3	97.6	97.2	91.8	81.9	70.5	62.6	81.4	47.4	52.7	61.7	70.2	78.3	83.8	86.1	85.7	79.9	69.5	57.5	48.6	68.5	32.9	38.1	47.5	56.4	65.9	72.3	74.6	74.1	67.9	57.0	44.4	34.5	55.5
430	27.57	99.50	1	67.5	73.0	81.8	89.4	95.2	99.7	101.6	100.8	95.0	86.8	76.7	68.6	86.3	55.6	60.6	68.9	76.0	82.6	86.9	88.5	87.9	83.2	75.1	65.1	57.0	74.0	43.7	48.2	56.0	62.6	70.0	74.1	75.4	75.0	71.3	63.3	53.4	45.3	61.5
510	33.03	96.48	0	53.4	58.9	66.9	74.5	81.9	89.6	94.2	94.5	88.0	78.2	65.2	56.3	75.1	42.1	47.3	55.2	62.9	71.0	78.5	82.8	82.6	76.2	65.7	53.8	45.1	63.6	30.8	35.6	43.4	51.2	60.0	67.4	71.3	70.7	64.3	53.1	42.4	33.9	52.0
3550	33.57	102.38	0	53.4	59.1	67.2	75.5	83.9	91.2	92.7	90.4	84.0	75.7	63.2	54.9	74.3	38.6	43.2	50.2	58.8	68.1	76.2	78.6	76.8	70.3	60.3	48.1	40.2	59.1	23.7	27.2	33.1	42.0	52.3	61.1	64.5	63.1	56.5	44.8	32.9	25.4	43.9
465	30.42	97.02	0	59.4	63.6	70.9	77.2	83.5	89.7	93.6	94.0	89.0	80.5	69.6	61.7	77.7	48.4	52.4	59.8	66.1	73.6	79.9	83.1	83.1	78.1	69.0	58.8	50.7	66.9	37.3	41.1	48.6	55.0	63.6	70.0	72.5	72.1	67.2	57.4	47.9	39.6	56.0
35	30.07	94.80	0	61.1	65.0	71.8	77.4	83.9	89.1	92.2	92.8	88.5	81.0	70.8	63.3	78.1	50.7	54.3	60.6	66.8	74.1	79.7	82.5	82.6	77.9	69.0	59.6	52.8	67.6	40.3	43.5	49.3	56.1	64.2	70.3	72.7	72.3	67.3	56.9	48.4	42.2	57.0
2450	36.23	100.27	0	47.3	53.3	61.7	71.0	78.9	88.2	94.2	92.8	84.7	73.8	58.9	49.2	71.2	31.8	36.9	45.4	55.0	64.5	74.3	79.7	78.2	69.7	57.6	43.5	34.1	55.9	16.2	20.4	29.1	39.0	50.0	60.3	65.1	63.6	54.6	41.4	28.1	18.9	40.6
3505	33.93	102.35	0	53.0	58.5	66.6	74.4	82.7	90.1	92.0	89.5	83.9	75.3	62.7	54.3	73.6	37.9	42.5	49.5	57.7	67.2	75.4	78.2	76.1	69.7	59.6	47.5	39.4	58.4	22.7	26.4	32.3	40.9	51.6	60.7	64.4	62.7	55.4	43.9	32.3	24.5	43.2
178	30.73	94.93	0	59.3	63.9	71.3	77.6	84.3	90.4	94.1	94.2	88.7	80.2	69.6	61.8	78.0	47.6	51.2	58.4	64.9	72.8	79.1	82.3	81.8	76.6	67.0	57.3	49.6	65.7	35.8	38.4	45.5	52.2	61.3	67.8	70.5	69.4	64.4	53.7	45.0	37.4	53.5
1020	30.75	98.65	0	59.6	64.3	71.9	78.8	84.9	91.2	96.0	95.6	89.7	80.6	69.0	61.2	78.6	46.0	50.3	58.1	65.4	73.3	80.0	83.7	83.0	76.9	67.2	55.9	47.8	65.6	32.3	36.3	44.3	51.9	61.7	68.8	71.3	70.4	64.1	53.8	42.8	34.3	52.7
330	32.47	94.73	0	57.1	62.6	70.0	77.2	84.0	90.5	94.5	94.5	89.0	79.6	67.9	59.4	77.2	45.4	49.8	57.1	64.2	72.6	79.5	83.4	82.6	76.8	66.2	55.5	47.5	65.1	33.7	37.0	44.1	51.2	61.1	68.5	72.3	70.7	64.6	52.8	43.1	35.5	52.9
407	32.35	94.65	0	55.6	61.0	68.7	75.6	82.7	89.5	93.4	93.0	86.3	77.2	65.6	58.1	75.6	46.8	51.2	58.6	65.4	73.2	79.9	83.5	82.8	76.6	67.0	56.3	49.0	65.9	37.9	41.3	48.5	55.1	63.7	70.3	73.6	72.5	66.9	56.7	46.9	39.9	56.1
302	31.13	95.45	0	58.3	63.2	71.0	77.6	84.4	90.6	94.5	95.1	89.7	80.5	68.9	60.6	77.9	47.1	51.0	58.4	65.4	73.1	79.4	82.9	82.7	77.5	67.4	56.8	49.1	65.9	35.9	38.7	45.8	53.1	61.8	68.2	71.2	70.3	65.2	54.2	44.6	37.5	53.9
3254	33.67	101.82	0	51.9	57.8	66.2	74.7	82.8	90.0	91.9	90.0	83.4	74.4	61.6	53.2	73.2	38.1	43.3	51.2	60.0	69.2	77.1	79.8	78.0	70.9	60.7	48.1	39.7	59.7	24.4	28.9	36.2	45.4	55.6	64.1	67.7	66.0	58.4	47.0	34.5	26.1	46.2
288	31.23	94.75	0	59.2	64.5	71.8	78.1	84.4	90.0	93.5	93.6	88.5	80.1	69.2	61.3	77.9	48.6	52.9	59.8	66.2	73.7	79.7	82.6	82.2	77.3	67.7	57.7	50.3	66.6	37.9	41.2	47.8	54.2	63.0	69.4	71.7	70.8	66.0	55.3	46.1	39.2	55.2
400	29.68	97.65	1	61.5	66.0	73.6	79.8	85.8	91.8	95.8	96.5	91.3	82.9	71.7	63.6	80.0	49.2	53.4	61.0	67.2	74.7	80.9	83.8	83.7	78.6	69.7	59.2	51.3	67.7	36.9	40.7	48.3	54.5	63.5	70.0	71.8	70.8	65.9	56.4	46.6	39.0	55.4
722	29.23	98.85	1	63.7	68.5	75.4	81.0	85.5	90.5	93.8	94.2	89.7	82.2	71.5	64.6	80.1	52.0	56.3	63.4	69.5	75.8	80.8	83.1	83.0	78.8	70.9	60.6	53.5	69.0	40.3	44.1	51.3	57.9	66.0	71.0	72.4	71.8	67.9	59.5	49.7	42.3	57.9
252	30.95	95.92	0	60.2	64.8	72.2	78.8	85.8	91.8	96.0	96.5	90.8	81.8	70.1	62.3	79.3	48.0	52.0	59.0	66.2	74.2	80.4	83.6	83.4	78.0	68.4	57.4	50.0	66.7	35.8	39.1	45.8	53.5	62.5	68.9	71.2	70.2	65.1	54.9	44.6	37.7	54.1
4055	30.22	103.23	0	62.3	65.9	72.4	79.4	86.1	91.0	90.8	89.8	85.0	79.1	70.3	64.2	78.0	44.9	48.1	54.9	61.9	69.9	75.5	76.6	75.8	70.8	62.9	53.0	46.4	61.7	27.4	30.3	37.3	44.4	53.6	60.0	62.4	61.7	56.6	46.6	35.7	28.6	45.4
4760	30.30	104.02	0	59.1	63.8	70.4	77.5	85.0	90.7	88.9	87.3	83.0	76.7	66.9	59.8	75.8	41.5	45.2	51.4	58.6	67.3	74.0	74.5	73.1	68.1	59.9	49.3	42.3	58.8	23.9	26.6	32.4	39.6	49.6	57.2	60.0	58.8	53.2	43.0	31.7	24.7	41.7
388	31.33	96.85	0	60.6	65.7	72.8	78.5	84.2	90.5	95.0	95.7	90.4	81.9	70.1	62.2	79.0	48.8	53.4	60.6	67.1	74.3	80.7	84.2	84.2	79.0	69.7	58.7	50.7	67.6	37.0	41.1	48.4	55.7	64.4	70.9	73.4	72.7	67.5	57.4	47.2	39.1	56.2
352	32.53	94.35	0	54.2	59.7	67.5	74.8	81.6	88.5	92.4	92.5	86.3	76.6	65.1	56.7	74.7	43.8	48.5	56.3	63.2	71.1	78.2	81.9	81.5	75.4	64.3	54.1	46.2	63.7	33.4	37.3	45.0	51.6	60.5	67.8	71.3	70.5	64.4	52.0	43.1	35.7	52.7
1430	30.75	99.23	0	60.0	64.5	72.6	79.7	85.2	91.2	94.9	94.4	89.0	80.1	69.5	61.4	78.5	45.4	49.5	57.3	65.1	72.3	78.9	82.0	81.1	75.8	66.0	55.6	47.4	64.7	30.8	34.4	41.9	50.4	59.4	66.5	69.1	67.8	62.6	51.9	41.7	33.4	50.8
2290	34.02	100.83	0	53.1	58.2	66.6	75.4	82.6	90.2	94.8	92.7	85.3	76.2	63.5	54.8	74.5	40.2	44.9	52.5	61.2	69.6	77.8	82.2	80.5	73.0	63.2	50.8	42.3	61.5	27.3	31.6	38.4	47.0	56.5	65.4	69.6	68.2	60.7	50.1	38.0	29.7	48.5
10	28.68	95.97	1	62.3	64.6	70.0	76.1	81.9	87.2	89.6	90.7	87.9	81.6	72.4	65.4	77.5	53.3	56.0	61.9	69.0	75.7	81.3	83.4	83.5	80.0	72.7	63.1	56.1	69.7	44.3	47.3	53.8	61.9	69.5	75.3	77.2	76.3	72.1	63.8	53.8	46.8	61.8
138	28.03	97.87	1	65.3	69.4	76.1	81.9	86.9	91.9	94.9	95.2	90.9	84.1	74.6	67.7	81.6	54.7	58.3	65.1	71.4	77.4	82.1	84.0	84.3	80.7	73.2	64.1	56.9	71.0	44.1	47.2	54.0	60.8	67.9	72.3	73.0	73.3	70.5	62.2	53.5	46.1	60.4
100	26.20	98.25	1	69.1	73.1	80.6	85.2	89.2	93.6	95.5	96.2	92.3	86.3	78.0	70.6	84.1	58.7	62.3	69.3	74.5	79.8	83.8	85.1	85.7	82.2	75.6	67.5	60.2	73.7	48.2	51.5	58.0	63.8	70.3	73.9	74.7	75.1	72.1	64.9	56.9	49.7	63.3
100	26.18	98.23	1	69.9	74.1	81.4	85.9	90.0	94.0	96.1	96.4	92.3	86.3	78.1	71.4	84.7	60.1	63.8	70.8	75.8	80.9	84.5	85.9	86.1	82.7	76.4	68.4	61.6	74.8	50.3	53.5	60.2	65.7	71.8	74.9	75.7	75.8	73.1	66.4	58.6	51.8	64.8
2450	31.13	102.20	0	60.7	66.1	74.0	81.7	89.1	94.2	95.6	94.3	88.5	80.1	69.1	61.6	79.6	46.9	51.9	59.3	67.2	75.3	81.6	83.8	82.6	76.8	67.7	56.0	48.2	66.4	33.1	37.6	44.5	52.6	61.4	69.0	72.0	70.9	65.1	55.3	42.8	34.7	53.3
220	26.48	98.38	1	68.8	73.4	81.1	86.2	90.4	95.1	97.7	98.4	93.8	86.8	78.1	70.4	85.0	57.9	61.9	69.1	74.7	80.1	84.1	85.7	85.8	82.1	75.2	67.0	59.6	73.6	46.9	50.3	57.1	63.2	69.7	73.0	73.7	73.2	70.4	63.5	55.8	48.7	62.1
1705	29.78	99.28	0	61.0	66.1	73.1	79.7	85.2	90.8	93.9	94.3	89.3	80.3	70.0	62.6	78.9	47.2	51.3	58.6	65.5	73.0	79.0	81.4	81.3	76.7	67.3	57.0	49.2	65.6	33.3	36.4	44.1	51.2	60.8	67.1	68.9	68.3	64.0	54.3	43.9	35.7	52.3
723	31.43	97.40	0	56.0	61.1	68.9	76.5	83.5	90.4	95.5	95.4	88.8	79.0	66.6	58.2	76.7	45.0	49.7	57.3	64.9	72.7	79.8	83.9	83.7	77.3	67.3	55.9	47.4	65.4	33.9	38.2	45.7	53.2	61.9	69.2	72.3	72.0	65.8	55.6	45.1	36.6	54.1
595	33.17	96.62	0	52.5	58.1	65.6	73.3	80.2	87.7	92.7	92.6	85.4	75.7	63.2	54.8	73.5	41.8	46.5	53.9	62.3	70.5	78.1	82.4	81.6	74.8	64.4	52.8	44.5	62.8	31.1	34.9	42.2	51.2	60.8	68.5	72.0	70.6	64.2	53.0	42.4	34.1	52.1
2860	35.23	100.60	0	49.9	56.1	65.2	74.1	80.8	87.7	92.0	90.4	84.2	74.4	60.6	51.4	72.2	37.6	42.7	50.8	59.4	67.5	75.3	79.5	78.2	71.5	61.1	48.2	39.5	59.3	25.3	29.3	36.4	44.7	54.2	62.8	67.0	66.0	58.7	47.8	35.7	27.6	46.3
2090	34.73	100.53	0	52.0	57.6	65.9	75.0	82.6	90.7	95.7	94.0	86.3	76.3	62.8	53.6	74.4	38.8	43.6	51.2	60.0	69.2	77.7	82.6	81.0	73.4	62.5	49.5	40.8	60.9	25.5	29.6	36.4	45.0	55.7	64.6	69.5	68.0	60.5	48.7	36.2	28.0	47.3
1951	30.92	99.78	0	60.4	65.6	73.3	80.8	86.6	91.3	94.8	93.9	88.4	80.0	68.6	61.4	78.8	45.6	50.2	57.9	65.3	73.0	78.6	81.4	80.4	74.7	65.5	54.4	46.9	64.5	30.7	34.7	42.5	49.7	59.3	65.8	68.0	66.8	61.0	51.0	40.2	32.3	50.2
535	31.68	96.48	0	57.5	62.7	70.4	77.6	84.3	91.3	95.8	96.8	90.7	80.9	68.7	59.9	78.1	45.6	50.3	57.9	65.2	72.7	79.7	83.7	83.6	77.7	67.5	56.5	48.0	65.7	33.7	37.9	45.3	52.8	61.1	68.1	71.5	70.3	64.6	54.1	44.3	36.0	53.3
2755	35.70	100.63	0	46.6	51.9	60.0	69.6	77.8	86.7	92.4	90.7	82.6	71.7	57.6	48.4	69.7	33.6	38.3	46.3	55.4	64.7	74.2	79.4	77.8	69.6	57.7	44.4	35.6	56.4	20.6	24.6	32.5	41.1	51.6	61.6	66.3	64.9	56.5	43.6	31.1	22.7	43.1
2862	31.95	102.18	0	56.8	63.0	70.9	78.8	86.8	92.7	94.3	92.8	86.1	77.4	65.8	58.4	77.0	43.2	48.6	55.9	63.7	72.8	79.6	81.7	80.4	73.9	64.4	52.3	44.8	63.4	29.6	34.1	40.8	48.6	58.8	66.4	69.1	67.9	61.6	51.3	38.8	31.2	49.9
2740	32.02	102.03	0	59.5	66.0	73.6	81.9	89.0	94.4	95.6	93.9	88.2	80.1	67.9	61.0	79.3	44.5	49.8	57.3	65.1	73.6	79.8	81.8	80.5	74.5	65.4	53.2	45.9	64.3	29.5	33.6	40.9	48.3	58.2	65.2	68.0	67.0	60.7	50.7	38.5	30.8	49.3
385	32.72	95.37	0	54.3	60.0	67.5	74.8	81.9	88.7	93.1	93.5	87.3	77.7	65.4	56.9	75.1	42.8	47.5	54.9	62.3	71.2	78.3	82.0	81.3	75.0	64.6	53.4	45.3	63.2	31.2	35.0	42.3	49.8	60.4	67.9	70.8	69.0	62.7	51.4	41.4	33.7	51.3
930	32.78	98.07	0	58.2	63.7	72.5	79.6	86.1	92.8	97.3	96.6	89.7	80.5	67.8	59.6	78.7	45.8	50.9	59.3	66.4	74.1	80.8	84.8	84.2	77.5	67.9	56.1	47.6	66.3	33.4	38.0	46.1	53.1	62.0	68.7	72.2	71.7	65.3	55.3	44.3	35.6	53.8
133	26.22	98.40	1	70.0	74.3	82.2	87.3	91.6	95.7	97.7	98.2	93.9	87.2	78.8	71.4	85.7	58.8	62.6	69.8	75.4	81.1	84.7	86.3	86.4	82.8	75.8	67.5	60.0	74.3	47.5	50.8	57.4	63.5	70.5	73.7	74.8	74.5	71.7	64.3	56.2	48.6	62.8
2660	31.58	102.88	0	60.1	66.7	75.5	83.6	91.5	97.6	98.6	96.7	90.0	81.9	69.4	61.0	81.1	43.3	49.1	57.2	65.1	74.2	81.5	83.3	81.9	75.1	65.4	52.8	44.6	64.5	26.5	31.4	38.8	46.6	56.9	65.4	68.0	67.1	60.1	48.8	36.2	28.1	47.8
3760	33.72	102.77	0	52.5	57.8	65.7	73.7	82.2	89.9	91.4	89.0	82.9	74.3	62.1	53.7	72.9	37.8	42.2	49.5	57.6	67.1	75.3	77.8	75.7	69.2	59.3	47.4	39.2	58.2	23.1	26.5	33.2	41.4	52.0	60.7	64.2	62.3	55.5	44.3	32.7	24.7	43.4
6790	30.67	104.52	0	55.0	58.8	65.2	72.3	80.0	86.0	84.5	82.1	77.8	71.8	62.4	55.8	71.0	43.7	46.8	52.1	58.7	66.5	72.2	71.8	70.1	66.3	60.0	50.9	44.8	58.7	32.4	34.7	39.0	45.0	53.0	58.4	59.0	58.1	54.8	48.2	39.4	33.7	46.3
425	33.17	95.00	0	54.2	59.6	67.6	75.3	82.4	89.9	94.2	94.6	88.0	78.4	65.6	57.0	75.6	41.8	46.2	54.2	61.8	70.4	78.3	82.2	81.6	74.8	63.7	52.7	44.5	62.7	29.3	32.7	40.7	48.3	58.3	66.6	70.1	68.5	61.6	49.0	39.7	32.0	49.7
1005	33.65	97.38	0	53.4	59.3	66.8	74.3	81.3	88.4	92.8	92.8	86.3	76.5	64.5	56.1	74.4	42.8	48.0	55.5	63.0	71.0	78.4	82.5	81.9	75.3	64.9	53.9	45.7	63.6	32.2	36.7	44.2	51.6	60.7	68.3	72.2	70.9	64.2	53.3	43.2	35.3	52.7
3825	34.23	102.73	0	51.7	57.2	65.1	73.2	81.8	89.8	91.9	89.6	83.2	74.0	61.3	52.8	72.6	36.0	40.6	47.5	55.9	65.3	74.1	77.2	75.3	68.4	57.4	45.0	37.1	56.7	20.2	23.9	29.9	38.6	48.7	58.4	62.4	60.9	53.5	40.8	28.6	21.4	40.6
3740	33.95	102.78	0	53.4	58.8	66.3	74.1	82.9	91.0	93.0	91.1	84.5	75.6	63.2	54.7	74.1	37.3	41.8	48.6	56.9	66.5	75.3	77.8	76.1	69.2	58.9	46.9	38.4	57.8	21.2	24.8	30.9	39.6	50.1	59.5	62.5	61.0	53.9	42.1	30.5	22.1	41.5
1480	33.45	99.62	0	54.8	60.3	68.6	77.7	84.9	92.2	96.5	95.3	87.8	78.3	65.9	56.5	76.6	41.5	46.3	54.3	63.6	72.1	80.1	83.9	82.7	75.2	64.8	52.5	43.7	63.4	28.1	32.3	39.9	49.4	59.3	68.0	71.2	70.0	62.5	51.2	39.1	30.9	50.2
435	31.62	94.65	0	56.5	61.8	69.4	76.3	83.3	89.6	93.5	93.9	88.1	78.9	67.5	59.3	76.5	46.5	50.8	58.5	65.4	73.8	80.3	83.9	83.6	77.7	67.3	56.4	48.8	66.1	36.4	39.7	47.5	54.5	64.2	71.0	74.3	73.2	67.3	55.6	45.2	38.2	55.6
454	31.95	96.70	0	56.6	62.1	69.9	77.4	84.6	91.7	96.6	96.9	90.7	81.0	68.1	59.2	77.9	44.2	49.2	57.1	64.6	72.7	79.8	83.8	83.6	77.2	66.9	55.5	46.7	65.1	31.7	36.3	44.3	51.7	60.8	67.8	71.0	70.3	63.6	52.7	42.8	34.1	52.3
710	29.73	98.12	1	61.7	66.6	74.1	79.9	85.7	91.2	94.7	95.3	90.3	81.9	71.2	63.6	79.7	48.6	52.8	60.2	66.4	73.9	79.8	82.7	82.6	77.8	68.6	58.5	50.8	66.9	35.5	38.9	46.3	52.8	62.1	68.3	70.6	69.9	65.2	55.3	45.8	37.9	54.1
72	29.27	95.90	1	63.2	66.6	72.9	78.5	84.7	90.0	92.9	93.3	89.8	83.0	73.4	65.6	79.5	52.5	55.9	62.4	68.3	75.1	80.5	82.7	82.6	78.9	71.0	62.3	54.7	68.9	41.7	45.1	51.9	58.1	65.5	70.9	72.4	71.9	67.9	58.9	51.2	43.8	58.3
400	29.27	97.75	1	62.2	66.1	73.0	79.4	85.2	90.7	94.0	94.7	89.9	81.9	71.3	63.9	79.4	50.5	54.2	61.2	68.0	74.9	80.3	83.0	83.2	78.7	70.1	60.0	52.6	68.1	38.8	42.3	49.4	56.6	64.5	69.9	71.9	71.6	67.5	58.2	48.6	41.3	56.7
1964	31.47	100.48	0	57.9	63.2	71.4	79.2	86.2	91.3	94.9	94.1	87.7	79.0	67.3	59.4	77.6	43.6	48.7	56.5	64.5	72.7	78.9	82.4	81.2	74.4	65.0	53.3	45.4	63.9	29.3	34.2	41.6	49.7	59.1	66.4	69.8	68.3	61.1	50.9	39.2	31.3	50.1
1195	33.37	98.77	0	55.9	62.0	70.7	78.6	85.3	91.9	96.7	96.5	89.0	79.3	66.3	57.7	77.5	43.2	48.4	56.5	64.4	72.4	79.9	84.3	83.7	76.4	66.2	53.8	45.2	64.5	30.4	34.8	42.3	50.2	59.4	67.9	71.8	70.9	63.8	53.1	41.2	32.6	51.5
3610	34.18	102.13	0	50.8	55.9	64.0	72.0	80.2	87.8	90.1	87.9	81.9	73.3	60.5	52.1	71.4	36.3	40.6	48.2	56.6	65.8	73.9	76.8	74.8	68.3	58.2	46.1	37.8	57.0	21.8	25.3	32.3	41.2	51.4	60.0	63.4	61.7	54.6	43.1	31.6	23.4	42.5
10	30.08	93.73	0	60.1	63.9	70.6	76.7	83.6	88.5	90.9	91.5	87.4	79.6	70.3	62.6	77.1	50.3	53.4	60.1	66.5	74.1	79.5	81.6	81.6	77.2	68.4	59.3	52.2	67.0	40.5	42.9	49.5	56.2	64.5	70.4	72.3	71.7	66.9	57.1	48.3	41.8	56.8
18	30.23	93.73	0	59.8	63.8	70.7	76.6	83.0	88.2	90.8	90.6	86.9	79.7	69.4	62.5	76.8	49.8	53.4	60.2	66.2	73.6	79.1	81.6	81.2	76.9	68.0	58.6	52.1	66.7	39.8	43.0	49.6	55.8	64.2	70.0	72.3	71.7	66.9	56.2	47.8	41.6	56.6
2340	30.68	101.20	0	58.9	63.9	71.9	79.3	85.9	90.3	93.0	92.3	86.7	78.0	67.0	59.7	77.2	43.3	48.0	55.9	63.9	72.3	78.0	80.5	79.6	73.8	64.0	52.7	44.5	63.0	27.7	32.0	39.8	48.5	58.7	65.7	68.0	66.9	60.8	50.0	38.3	29.3	48.8
1900	34.02	100.30	0	52.8	58.3	67.4	76.4	83.8	91.5	96.8	95.1	87.0	77.1	63.9	54.4	75.4	39.5	44.5	52.6	61.4	70.1	78.4	83.1	81.6	73.8	63.1	50.5	41.5	61.7	26.2	30.7	37.8	46.3	56.4	65.2	69.3	68.1	60.5	49.0	37.0	28.5	47.9
1625	31.50	99.92	0	61.3	66.7	74.8	82.8	89.2	93.9	97.4	96.5	89.9	81.8	70.0	62.4	80.6	46.6	51.6	59.4	67.2	75.1	80.9	84.1	83.2	76.6	67.5	55.9	47.9	66.3	31.9	36.4	44.0	51.6	61.0	67.8	70.7	69.8	63.2	53.1	41.8	33.4	52.1
12	28.73	96.25	1	61.8	64.5	70.3	76.2	82.5	87.6	89.7	90.2	87.2	80.6	71.5	64.3	77.2	52.9	55.8	62.1	68.5	75.7	81.1	83.4	83.0	79.0	71.3	62.2	55.1	69.2	44.0	47.0	53.8	60.7	68.8	74.6	77.0	75.8	70.8	62.0	52.9	45.9	61.1
465	31.78	95.60	0	58.3	63.4	71.5	77.7	83.8	89.7	93.9	94.4	88.6	79.9	68.1	60.1	77.5	47.9	52.4	60.0	66.2	73.2	79.3	82.9	82.7	77.1	67.7	57.4	49.7	66.4	37.4	41.3	48.4	54.7	62.6	68.9	71.8	71.0	65.5	55.5	46.7	39.2	55.3
3150	35.57	100.97	0	47.9	53.0	61.1	70.2	78.3	87.1	92.0	89.9	82.2	72.0	58.1	49.2	70.1	34.9	39.5	46.9	55.8	65.0	74.1	79.1	77.4	69.6	58.6	45.3	36.7	56.9	21.9	26.0	32.6	41.3	51.6	61.1	66.1	64.9	57.0	45.1	32.4	24.2	43.7
1689	30.17	101.55	0	61.8	67.0	75.3	82.4	89.5	93.6	95.9	95.4	90.2	81.1	69.7	62.5	80.4	46.1	50.9	59.7	67.6	76.4	81.9	84.3	83.5	77.4	67.7	55.5	47.0	66.5	30.4	34.8	44.1	52.8	63.3	70.2	72.7	71.5	64.5	54.3	41.3	31.5	52.6
1665	30.27	101.45	0	59.5	64.9	72.7	80.2	87.1	91.1	93.6	93.2	87.9	79.0	67.8	60.3	78.1	45.5	50.5	58.6	66.5	74.8	80.4	82.9	82.3	76.6	67.0	55.1	47.1	65.6	31.5	36.1	44.4	52.8	62.4	69.6	72.2	71.3	65.3	55.0	42.4	33.9	53.1
3532	35.42	101.37	0	47.5	52.9	61.7	70.5	78.4	86.9	90.8	88.8	81.8	71.4	57.5	47.9	69.7	33.4	38.0	45.6	54.5	63.4	72.4	76.6	75.2	67.9	56.7	43.5	34.6	55.2	19.3	23.1	29.4	38.4	48.3	57.8	62.4	61.5	54.0	42.0	29.5	21.2	40.6
3740	29.33	103.20	1	62.8	68.1	76.0	83.4	90.7	95.0	94.1	92.4	88.3	80.6	71.0	63.3	80.5	49.0	53.6	60.8	67.9	75.8	80.6	81.2	79.7	75.2	66.8	57.3	50.0	66.5	35.2	39.0	45.5	52.3	60.8	66.2	68.3	67.0	62.0	53.0	43.6	36.6	52.5
542	33.67	95.57	0	51.2	57.4	65.7	74.0	81.3	89.4	94.3	94.5	87.1	76.7	63.1	54.0	74.1	40.6	46.0	54.4	62.3	70.6	78.7	83.1	82.6	75.2	64.3	52.3	43.5	62.8	29.9	34.5	43.0	50.6	59.9	67.9	71.9	70.6	63.3	51.9	41.4	32.9	51.5
635	28.88	99.08	1	65.0	70.1	78.3	84.0	89.3	94.2	97.5	97.7	92.9	84.9	74.3	66.3	82.9	51.5	56.1	63.9	69.9	76.4	81.4	84.0	83.9	79.7	71.1	60.9	53.1	69.3	37.9	42.0	49.5	55.7	63.5	68.5	70.4	70.0	66.4	57.3	47.4	39.9	55.7
2610	31.42	103.50	0	59.9	66.4	75.0	83.1	91.2	97.8	98.5	96.6	90.2	81.6	69.7	61.2	80.9	44.0	49.1	56.4	64.6	73.8	81.6	83.7	82.1	75.3	65.0	52.7	44.9	64.4	28.1	31.7	37.7	46.1	56.3	65.3	68.8	67.5	60.4	48.4	35.6	28.6	47.9
2940	31.73	102.58	0	58.7	64.3	72.5	80.4	88.6	94.2	96.0	95.0	88.5	80.1	68.7	59.9	78.9	43.7	48.8	56.2	64.5	73.5	80.4	82.8	81.7	75.1	65.6	53.8	45.1	64.3	28.7	33.3	39.9	48.6	58.3	66.5	69.6	68.3	61.7	51.0	38.9	30.2	49.6
2942	36.38	100.82	0	45.1	50.8	58.8	68.2	76.0	85.7	91.4	89.4	81.7	71.5	56.7	46.8	68.5	31.8	36.8	44.5	53.4	62.8	72.6	78.1	76.5	68.4	57.1	43.1	33.9	54.9	18.4	22.8	30.2	38.6	49.6	59.4	64.8	63.5	55.0	42.7	29.4	21.0	41.3
2865	29.67	103.17	1	64.7	70.1	78.1	85.8	92.9	97.2	96.7	95.1	90.2	82.9	72.9	65.1	82.6	48.7	53.5	61.1	69.2	77.6	83.2	84.3	83.0	77.6	68.2	57.1	49.9	67.8	32.7	36.9	44.1	52.6	62.2	69.1	71.9	70.8	64.9	53.5	41.3	34.6	52.9
105	29.23	96.18	1	62.0	66.1	73.3	79.6	85.7	91.3	94.3	94.8	90.0	82.4	72.5	64.5	79.7	51.9	55.3	62.4	68.9	76.0	81.1	83.6	83.2	78.7	70.3	61.4	53.8	68.9	41.8	44.5	51.4	58.1	66.3	70.9	72.8	71.6	67.3	58.2	50.3	43.1	58.0
690	33.38	96.97	0	52.9	58.9	67.4	75.3	83.2	90.8	96.6	96.2	88.8	78.4	64.9	56.1	75.8	41.5	46.6	54.5	62.6	71.6	79.8	85.0	84.3	76.8	66.0	53.0	44.3	63.8	30.0	34.2	41.5	49.9	59.9	68.7	73.4	72.3	64.8	53.6	41.0	32.5	51.8
5600	31.88	104.82	0	52.1	55.9	62.2	69.4	77.3	85.3	85.1	83.1	77.6	70.3	59.5	53.3	69.3	41.4	45.1	50.0	57.6	65.7	73.2	73.7	72.1	67.0	59.3	48.9	42.0	58.0	30.6	34.2	37.8	45.7	54.1	61.0	62.3	61.1	56.4	48.3	38.3	30.6	46.7
3675	33.18	102.83	0	53.1	59.5	67.2	75.1	83.4	90.4	91.7	89.9	83.9	75.7	63.2	55.3	74.0	39.1	44.4	50.9	59.0	68.2	75.8	78.2	76.6	70.4	60.4	48.1	40.8	59.3	25.1	29.2	34.6	42.9	52.9	61.2	64.6	63.3	56.8	45.0	32.9	26.3	44.6
3370	34.18	101.70	0	49.0	54.5	62.7	71.3	79.9	87.8	91.0	88.6	82.2	73.1	59.7	50.6	70.9	36.7	41.6	49.1	57.9	67.4	75.7	79.0	76.8	69.9	59.7	47.0	38.4	58.3	24.4	28.6	35.4	44.4	54.8	63.5	66.9	65.0	57.6	46.2	34.2	26.1	45.6
20	28.65	96.55	1	64.6	68.1	74.2	79.2	84.6	89.6	91.8	91.8	89.0	82.6	73.9	67.0	79.7	55.2	58.5	64.9	70.4	77.1	82.4	84.7	84.4	80.3	73.1	64.3	57.3	71.1	45.7	48.8	55.6	61.6	69.5	75.1	77.5	76.9	71.6	63.6	54.7	47.6	62.4
12	27.83	97.05	1	62.5	65.3	72.2	77.6	83.8	88.6	89.9	90.3	88.1	82.2	73.8	66.1	78.4	56.1	58.7	66.1	71.8	78.3	83.2	84.4	85.0	82.6	76.4	67.5	59.3	72.5	49.7	52.1	59.9	65.9	72.7	77.7	78.9	79.6	77.0	70.5	61.1	52.5	66.5
16	29.95	94.02	0	61.5	65.3	72.0	77.8	84.3	89.4	91.6	91.7	88.0	80.5	70.9	63.9	78.1	52.2	55.6	62.2	68.2	75.4	80.9	82.7	82.5	78.7	70.1	60.9	54.2	68.6	42.9	45.9	52.4	58.6	66.4	72.3	73.8	73.2	69.4	59.6	50.8	44.5	59.2
17	26.07	97.22	1	67.4	70.0	75.0	79.0	83.7	87.7	89.2	89.3	87.3	83.1	76.4	69.0	79.8	59.7	62.4	68.3	73.1	78.5	82.2	83.4	83.4	81.2	76.4	69.5	61.5	73.3	52.0	54.8	61.6	67.2	73.2	76.7	77.5	77.4	75.1	69.7	62.5	54.0	66.8
9	26.55	97.43	1	64.8	67.9	73.7	77.8	82.4	86.9	88.7	88.7	86.3	81.0	73.9	67.0	78.3	56.8	60.3	67.0	72.0	77.5	81.5	83.0	82.8	79.8	74.0	66.7	59.1	71.7	48.8	52.6	60.2	66.1	72.6	76.0	77.3	76.9	73.2	67.0	59.4	51.1	65.1
5	28.43	96.43	1	60.6	63.7	69.6	75.1	80.7	86.0	88.2	89.4	86.5	81.1	71.9	64.1	76.4	54.3	57.4	64.1	70.0	76.4	81.7	83.9	84.1	80.9	74.1	65.0	57.0	70.7	47.9	51.1	58.6	64.8	72.1	77.4	79.5	78.8	75.3	67.0	58.1	49.8	65.0
2620	33.18	101.38	0	54.2	60.1	68.4	76.8	84.2	90.8	94.0	92.3	85.3	77.0	64.7	56.1	75.3	41.0	45.8	53.3	61.7	70.4	78.1	81.8	80.4	73.3	63.8	51.3	43.1	62.0	27.8	31.5	38.2	46.6	56.5	65.3	69.6	68.4	61.2	50.5	37.9	30.1	48.6
480	29.03	98.58	1	63.7	68.2	75.9	82.1	87.2	92.5	95.9	96.1	91.9	83.7	73.6	65.5	81.4	51.4	55.2	62.9	69.4	76.3	81.3	84.3	84.2	80.2	71.4	61.4	53.2	69.3	39.0	42.1	49.9	56.6	65.3	70.1	72.6	72.3	68.4	59.0	49.2	40.9	57.1
2052	29.92	99.77	0	59.8	63.8	70.8	77.0	82.4	88.0	91.0	90.9	86.1	77.4	67.1	60.3	76.2	45.3	49.1	56.7	63.9	71.3	77.2	79.6	79.0	73.8	64.2	53.9	46.3	63.4	30.7	34.4	42.6	50.7	60.1	66.3	68.2	67.1	61.4	50.9	40.6	32.3	50.4
2560	29.55	104.35	1	69.1	75.4	83.1	90.0	97.0	102.1	100.8	99.0	94.8	87.1	76.6	69.0	87.0	51.8	57.4	64.4	71.8	80.1	86.9	87.3	85.7	80.8	71.7	59.8	52.4	70.8	34.5	39.3	45.7	53.6	63.2	71.6	73.7	72.3	66.8	56.2	43.0	35.7	54.6
1221	31.97	98.50	0	57.1	62.1	70.2	77.5	84.1	90.9	95.5	95.3	88.8	80.0	67.8	59.5	77.4	43.9	48.7	56.8	64.4	72.3	79.3	83.0	82.4	75.9	66.3	54.9	46.4	64.5	30.6	35.2	43.3	51.2	60.4	67.7	70.4	69.4	63.0	52.5	42.0	33.3	51.6
1591	32.37	99.18	0	55.3	60.8	68.5	76.7	83.8	90.7	94.9	94.4	87.2	77.9	65.6	56.8	76.1	43.2	48.4	55.7	64.3	72.2	79.4	83.3	82.7	75.7	66.1	54.1	45.3	64.2	31.1	36.0	42.8	51.9	60.5	68.1	71.6	70.9	64.1	54.2	42.6	33.8	52.3
1495	34.25	99.68	0	52.1	57.4	66.3	75.3	83.4	91.7	96.5	94.4	86.4	76.8	63.5	54.5	74.9	38.4	43.6	52.3	61.2	70.5	79.3	83.9	82.1	74.0	62.8	50.1	40.8	61.6	24.6	29.7	38.3	47.0	57.6	66.9	71.3	69.7	61.5	48.8	36.6	27.1	48.3
31	26.48	97.82	1	68.6	72.6	79.6	84.4	88.4	92.4	95.3	95.5	91.2	85.4	77.3	70.1	83.4	58.1	61.4	68.3	73.6	78.9	82.7	84.5	84.7	81.1	74.6	66.6	59.5	72.8	47.5	50.2	56.9	62.7	69.4	72.9	73.7	73.8	70.9	63.7	55.8	48.9	62.2
2800	31.90	103.93	0	61.8	67.9	76.1	84.0	91.5	98.5	98.4	96.4	90.3	82.1	70.7	62.7	81.7	45.6	50.6	57.9	65.8	74.4	82.0	83.7	81.9	75.5	65.9	54.2	46.5	65.3	29.4	33.2	39.7	47.6	57.3	65.4	68.9	67.4	60.7	49.7	37.6	30.3	48.9
520	29.97	97.45	0	60.2	64.7	72.5	79.4	85.3	91.3	95.3	95.8	90.4	81.7	70.4	62.4	79.1	47.5	51.6	59.5	66.5	73.9	80.0	82.9	82.8	77.3	68.4	57.8	49.7	66.5	34.7	38.5	46.4	53.6	62.5	68.6	70.5	69.7	64.2	55.1	45.2	37.0	53.8
49	28.30	97.28	1	67.7	71.4	77.1	81.0	86.3	91.4	94.2	94.4	91.1	84.2	75.2	68.7	81.9	56.1	59.3	65.7	70.5	77.0	81.8	83.9	83.7	80.2	72.5	63.9	57.3	71.0	44.5	47.2	54.2	59.9	67.6	72.1	73.5	72.9	69.2	60.7	52.5	45.9	60.0
54	28.38	97.28	1	66.1	69.4	76.3	80.8	85.9	90.8	94.3	94.6	90.7	84.3	75.2	68.0	81.4	55.0	58.4	65.2	70.5	76.7	81.5	83.7	83.7	80.1	72.5	64.0	56.6	70.7	43.9	47.4	54.1	60.2	67.4	72.2	73.0	72.8	69.4	60.6	52.7	45.1	59.9
172	26.38	98.82	1	69.4	74.2	82.5	88.3	92.3	96.7	99.1	99.3	94.1	86.8	78.1	70.5	85.9	57.0	61.2	69.0	75.4	81.0	85.1	86.7	86.7	82.4	74.7	66.0	58.3	73.6	44.5	48.1	55.5	62.4	69.7	73.4	74.3	74.1	70.6	62.5	53.9	46.1	61.3
1633	32.08	98.97	0	55.1	60.3	68.7	76.9	83.8	89.8	94.1	93.7	87.1	78.1	66.0	57.4	75.9	42.4	47.3	55.1	63.2	71.5	78.2	81.9	81.3	74.8	65.0	53.4	44.8	63.2	29.7	34.3	41.5	49.5	59.2	66.6	69.7	68.8	62.4	51.9	40.7	32.2	50.5
1780	31.90	100.48	0	57.4	63.0	71.2	79.8	86.9	92.7	96.4	95.3	88.6	79.5	67.4	59.0	78.1	43.2	48.2	56.2	64.7	73.6	80.6	84.2	83.1	76.1	65.9	53.7	45.1	64.6	29.0	33.4	41.1	49.6	60.2	68.4	72.0	70.8	63.6	52.2	39.9	31.1	50.9
85	27.78	97.67	1	65.9	70.0	77.0	82.4	86.8	92.0	95.0	95.1	91.4	84.3	75.7	68.0	82.0	55.5	59.1	66.3	72.3	78.0	82.8	84.9	85.1	81.5	74.0	65.4	57.6	71.9	45.1	48.2	55.6	62.1	69.2	73.5	74.8	75.0	71.5	63.7	55.0	47.2	61.7
9	28.03	97.05	1	63.0	65.5	71.2	76.8	82.5	87.8	90.1	90.3	88.1	81.6	72.7	65.6	77.9	54.0	57.0	63.4	70.1	76.7	82.0	83.8	83.8	80.7	73.5	63.9	56.4	70.4	44.9	48.4	55.6	63.3	70.9	76.2	77.5	77.2	73.2	65.3	55.1	47.1	62.9
2400	30.02	100.22	0	58.9	63.9	70.4	77.9	83.9	88.3	91.6	91.3	86.3	77.7	66.7	59.7	76.4	46.6	50.9	57.3	64.9	72.0	77.0	79.9	79.5	74.8	66.1	55.3	47.8	64.3	34.3	37.9	44.2	51.9	60.0	65.7	68.1	67.6	63.3	54.4	43.8	35.8	52.3
2380	32.45	100.53	0	54.9	61.4	69.4	78.0	84.7	90.5	93.8	92.4	85.1	76.3	64.8	56.2	75.6	41.9	47.0	54.2	63.3	71.6	78.5	81.8	80.6	73.5	63.9	52.2	43.6	62.7	28.9	32.6	38.9	48.5	58.4	66.5	69.8	68.7	61.8	51.4	39.6	30.9	49.7
1935	32.85	100.47	0	55.4	61.4	69.1	77.5	84.4	90.8	94.2	92.9	85.8	76.7	64.8	56.3	75.8	41.3	46.2	53.4	62.2	70.7	77.9	81.7	80.6	73.6	63.3	51.3	42.9	62.1	27.2	31.0	37.7	46.8	57.0	64.9	69.1	68.2	61.4	49.8	37.7	29.4	48.4
720	31.82	95.15	0	55.5	60.8	68.5	75.2	81.9	88.4	92.8	93.1	87.5	77.9	66.5	58.1	75.5	46.2	50.6	58.0	64.7	72.3	78.9	82.6	82.5	77.1	67.5	57.0	48.8	65.5	36.8	40.4	47.4	54.2	62.6	69.3	72.4	71.8	66.6	57.0	47.4	39.5	55.5
189	31.07	94.10	0	57.5	62.5	70.2	76.9	84.5	91.0	94.5	94.6	89.3	79.7	68.1	60.3	77.4	46.4	50.5	58.3	64.8	73.1	79.5	82.3	81.8	77.0	66.7	56.6	49.0	65.5	35.2	38.4	46.3	52.6	61.6	67.9	70.1	69.0	64.6	53.6	45.0	37.6	53.5
1916	31.35	100.50	0	57.9	63.5	71.1	79.0	85.6	90.8	94.4	93.1	86.6	77.8	66.5	59.3	77.1	44.9	49.7	57.2	65.0	73.1	79.2	82.4	81.3	74.8	65.4	54.0	46.4	64.5	31.8	36.0	43.3	51.0	60.6	67.6	70.4	69.4	63.0	53.0	41.4	33.5	51.8
809	29.53	98.47	1	62.1	67.1	74.3	80.4	86.0	91.4	94.6	94.7	90.0	82.0	71.4	64.0	79.8	50.3	54.7	62.1	68.6	75.8	81.5	84.3	84.2	79.4	70.7	60.0	52.4	68.7	38.6	42.4	49.9	56.9	65.5	71.6	74.0	73.6	68.8	59.4	48.6	40.8	57.5
612	29.87	97.92	0	61.1	65.8	73.4	79.6	85.7	91.5	95.1	95.4	90.7	82.3	71.3	63.3	79.6	49.9	53.9	61.6	68.2	75.6	81.5	84.4	84.4	79.7	70.5	59.9	52.1	68.5	38.6	42.0	49.7	56.8	65.5	71.5	73.7	73.4	68.6	58.7	48.5	40.8	57.3
1195	31.18	98.72	0	58.7	63.3	71.3	78.7	85.1	91.4	95.8	95.2	89.3	80.5	68.7	60.5	78.2	46.1	50.8	58.7	66.0	73.7	80.0	83.6	82.7	77.0	67.4	56.3	47.9	65.9	33.4	38.2	46.0	53.3	62.2	68.6	71.4	70.1	64.7	54.3	43.9	35.2	53.4
2855	30.15	102.40	0	60.1	64.5	72.3	79.8	86.4	90.5	91.9	91.1	86.1	77.5	68.1	61.0	77.4	45.3	49.6	57.4	65.2	73.3	78.7	80.4	79.5	74.0	64.2	53.9	46.6	64.0	30.5	34.6	42.4	50.6	60.1	66.8	68.9	67.9	61.9	50.9	39.7	32.1	50.5
50	26.27	97.87	1	69.1	73.7	81.0	84.9	89.4	93.5	96.0	95.8	91.6	86.3	78.8	71.2	84.3	58.3	62.5	69.4	74.2	79.8	83.8	85.3	85.1	81.3	74.9	67.7	60.3	73.6	47.5	51.2	57.8	63.4	70.2	74.0	74.6	74.3	71.0	63.5	56.6	49.3	62.8
194	29.78	96.13	0	62.0	66.1	73.0	79.3	85.8	91.4	94.9	95.1	90.1	82.7	71.6	64.4	79.7	51.4	54.9	61.8	68.1	75.3	81.0	83.6	83.5	78.9	70.6	60.5	53.3	68.6	40.7	43.7	50.5	56.9	64.7	70.5	72.2	71.9	67.6	58.5	49.3	42.2	57.4
940	29.45	98.70	1	61.4	66.3	74.2	80.3	86.1	91.2	94.6	94.6	90.0	81.8	70.7	63.4	79.6	51.0	55.3	62.7	68.8	75.5	80.9	83.5	83.6	79.2	71.1	60.3	52.9	68.7	40.5	44.2	51.2	57.2	64.8	70.6	72.4	72.5	68.4	60.4	49.8	42.3	57.9
3340	32.72	102.55	0	55.0	60.9	69.1	77.6	85.6	92.3	94.1	92.1	85.8	77.3	65.0	56.6	76.0	40.9	45.7	52.7	61.1	70.3	78.0	80.6	78.8	72.4	62.4	50.2	42.3	61.3	26.7	30.4	36.3	44.6	54.9	63.6	67.0	65.5	58.9	47.4	35.3	28.0	46.6
1287	33.60	99.27	0	52.7	58.1	67.1	75.8	83.6	91.1	96.5	95.6	87.4	77.4	64.0	55.0	75.4	40.2	45.2	53.7	62.2	71.1	79.3	84.2	83.2	75.2	64.4	51.4	42.5	62.7	27.7	32.2	40.2	48.6	58.6	67.4	71.8	70.7	62.9	51.4	38.8	29.9	50.0
2360	35.22	100.25	0	48.4	54.1	62.4	71.6	79.2	87.6	93.3	91.5	83.6	73.0	59.4	50.1	71.2	35.7	40.8	48.5	57.8	66.7	75.6	80.8	79.2	71.2	59.9	46.8	37.8	58.4	22.9	27.4	34.5	44.0	54.2	63.5	68.2	66.9	58.8	46.7	34.2	25.5	45.6
2170	30.68	101.83	0	61.7	67.1	75.7	83.1	89.7	94.0	95.9	95.1	89.3	80.4	69.6	62.2	80.3	46.0	50.9	59.4	66.6	75.2	81.4	83.6	82.5	76.2	66.1	54.7	46.8	65.8	30.3	34.7	43.1	50.1	60.6	68.7	71.2	69.9	63.0	51.7	39.7	31.4	51.2
760	33.70	96.63	0	50.8	56.5	64.9	72.8	79.9	87.7	92.7	92.3	85.1	75.2	62.4	53.3	72.8	41.5	46.7	54.8	62.5	70.3	78.2	82.8	82.2	75.1	64.8	52.9	44.0	63.0	32.2	36.9	44.7	52.2	60.7	68.7	72.9	72.0	65.1	54.3	43.3	34.6	53.1
4535	31.18	105.32	0	57.2	62.8	69.5	77.2	85.5	93.0	92.0	89.8	85.0	77.2	66.3	57.9	76.1	41.2	45.8	51.8	59.0	68.4	76.4	77.5	75.6	70.0	60.5	49.3	41.6	59.8	25.1	28.7	34.0	40.7	51.2	59.8	62.9	61.4	54.9	43.7	32.2	25.3	43.3
3280	34.47	101.30	0	49.9	55.0	62.9	71.4	79.0	87.2	90.9	88.8	82.2	73.1	60.0	51.4	71.0	35.8	40.5	47.6	55.9	65.1	74.0	78.1	76.2	69.1	58.7	45.7	37.5	57.0	21.6	26.0	32.3	40.4	51.1	60.8	65.2	63.6	55.9	44.2	31.3	23.6	43.0
51	28.03	97.50	1	64.0	67.5	74.0	79.0	83.9	89.0	91.7	92.5	89.0	82.4	73.1	66.3	79.4	54.1	57.4	64.3	69.8	76.0	81.4	83.4	83.5	79.6	72.2	63.1	56.0	70.1	44.2	47.3	54.5	60.6	68.0	73.7	75.0	74.4	70.2	61.9	53.1	45.7	60.7
340	30.02	97.15	0	61.3	65.4	73.0	79.7	85.2	91.5	95.4	96.3	90.8	82.1	71.0	63.1	79.6	49.0	52.8	60.4	67.6	74.7	81.0	83.9	83.9	78.6	69.5	59.0	51.0	67.6	36.7	40.1	47.8	55.4	64.2	70.4	72.3	71.4	66.3	56.8	47.0	38.9	55.6
2335	32.72	100.92	0	54.8	60.3	69.0	77.4	85.0	91.2	94.6	92.8	86.1	77.4	65.0	56.6	75.9	40.8	45.7	53.6	62.1	71.1	78.4	81.8	80.2	73.4	63.5	51.0	42.5	62.0	26.7	31.1	38.2	46.7	57.2	65.5	68.9	67.6	60.7	49.6	36.9	28.4	48.1
263	30.33	96.53	0	60.8	65.0	72.3	79.2	86.1	92.7	96.7	96.9	91.5	82.4	71.0	63.3	79.8	48.6	52.7	60.2	67.5	75.2	81.8	85.0	84.7	79.1	69.5	59.0	51.0	67.9	36.4	40.3	48.1	55.7	64.2	70.8	73.3	72.4	66.7	56.6	46.9	38.6	55.8
2138	30.58	100.65	0	58.9	64.2	71.3	79.4	86.5	91.4	94.7	93.8	87.6	78.3	67.3	59.4	77.7	43.1	48.3	55.5	64.4	72.8	78.8	81.4	80.4	74.2	64.2	53.4	44.6	63.4	27.2	32.3	39.6	49.3	59.1	66.2	68.0	66.9	60.7	50.1	39.4	29.7	49.0
3094	36.18	101.18	0	52.7	58.5	66.9	75.4	82.6	91.4	95.5	93.6	87.1	77.4	63.3	53.8	74.9	37.6	42.5	50.3	58.8	67.4	76.4	80.7	79.2	72.0	61.3	47.9	39.1	59.4	22.4	26.5	33.6	42.2	52.1	61.4	65.9	64.7	56.9	45.1	32.5	24.4	44.0
2297	33.48	100.88	0	53.7	58.9	67.4	76.6	84.1	91.7	95.4	93.6	85.8	76.9	64.5	55.2	75.3	39.6	44.2	51.7	60.5	69.4	77.5	81.2	79.9	72.4	62.2	49.8	41.2	60.8	25.5	29.4	36.0	44.3	54.6	63.2	67.0	66.1	58.9	47.5	35.0	27.1	46.2
1640	32.93	99.80	0	55.0	60.4	69.6	78.2	86.0	93.0	96.9	95.9	88.3	78.7	65.7	56.7	77.0	41.4	46.6	54.7	63.7	72.4	80.1	84.0	83.0	75.6	65.5	52.5	43.3	63.6	27.7	32.8	39.7	49.2	58.8	67.1	71.1	70.0	62.9	52.2	39.2	29.9	50.1
1309	32.25	98.20	0	55.0	59.8	67.7	75.3	81.8	88.8	93.6	93.4	86.5	77.6	65.5	57.1	75.2	42.5	47.4	55.0	63.2	70.9	78.2	81.9	81.4	74.8	64.9	53.2	45.1	63.2	30.0	35.0	42.3	51.0	60.0	67.5	70.1	69.3	63.0	52.2	40.9	33.0	51.2
2265	31.83	100.98	0	57.4	63.0	71.3	79.9	86.6	91.8	94.7	93.8	87.2	79.0	67.5	59.5	77.6	42.4	47.6	55.5	64.5	72.8	79.2	81.9	81.0	74.3	64.4	52.8	44.3	63.4	27.4	32.2	39.6	49.0	58.9	66.5	69.1	68.1	61.4	49.7	38.1	29.0	49.1
706	31.03	97.53	0	58.7	63.8	71.5	78.5	84.9	91.4	96.0	96.0	90.0	80.8	69.1	61.1	78.5	46.6	51.3	58.9	66.1	73.7	80.3	84.0	83.7	78.0	68.3	57.3	49.2	66.5	34.4	38.7	46.3	53.7	62.5	69.2	72.0	71.3	65.9	55.8	45.5	37.3	54.4
3691	36.35	102.08	0	46.7	52.2	60.0	68.7	76.8	86.4	91.1	89.0	81.7	71.4	57.7	48.0	69.1	32.6	37.4	44.4	52.9	62.0	71.9	76.8	75.1	67.2	55.9	42.8	34.3	54.4	18.5	22.6	28.7	37.0	47.2	57.3	62.4	61.2	52.7	40.3	27.9	20.6	39.7
82	29.62	95.63	1	61.9	65.7	72.5	79.1	85.6	90.7	93.7	93.6	89.1	81.7	71.9	64.3	79.2	51.8	55.1	62.0	68.7	76.0	81.5	84.1	83.8	79.3	70.8	61.4	53.8	69.0	41.6	44.5	51.4	58.2	66.4	72.2	74.4	74.0	69.4	59.9	50.9	43.2	58.8
495	33.15	95.63	0	53.9	59.2	66.8	74.6	82.0	89.8	94.8	95.6	89.0	78.9	65.8	56.8	75.6	42.5	47.5	55.2	62.7	71.1	78.8	83.2	83.0	76.2	65.5	54.0	45.4	63.8	31.1	35.7	43.6	50.7	60.1	67.8	71.6	70.4	63.4	52.1	42.2	33.9	51.9
3120	33.17	101.80	0	52.7	58.6	66.8	75.2	82.9	89.8	92.2	90.5	84.0	75.5	62.9	54.9	73.8	38.9	43.8	50.8	59.4	68.4	76.1	79.2	77.6	71.0	61.3	48.8	41.2	59.7	25.1	29.0	34.7	43.5	53.9	62.3	66.1	64.6	58.0	47.0	34.6	27.4	45.5
565	30.57	97.42	0	59.2	64.0	72.3	78.9	85.3	91.3	95.3	95.7	90.2	81.0	69.2	61.1	78.6	47.5	51.8	59.6	66.3	73.9	80.2	83.6	83.5	78.0	68.6	57.4	49.5	66.7	35.8	39.5	46.9	53.6	62.5	69.0	71.9	71.3	65.8	56.2	45.5	37.8	54.7
635	31.08	97.32	0	57.2	61.9	69.6	77.0	83.5	90.2	95.0	95.2	89.3	79.7	67.9	59.2	77.1	46.1	50.5	58.0	65.5	73.1	79.9	83.7	83.7	77.8	67.9	56.6	48.4	65.9	34.9	39.0	46.3	53.9	62.7	69.5	72.4	72.2	66.2	56.1	45.3	37.6	54.7
390	33.42	94.08	0	52.5	58.3	66.5	74.6	81.6	88.9	93.1	93.1	86.3	76.5	63.9	55.1	74.2	41.6	46.3	54.2	62.3	71.0	78.6	82.6	81.8	75.0	64.1	52.5	44.3	62.9	30.7	34.3	41.8	50.0	60.4	68.3	72.0	70.5	63.6	51.7	41.1	33.5	51.5
72	29.48	95.63	1	62.4	66.1	73.0	79.3	85.7	91.0	93.7	93.9	89.7	82.3	72.6	65.0	79.6	52.8	56.0	62.9	68.9	75.9	81.4	83.8	83.7	79.5	71.2	62.5	55.1	69.5	43.2	45.8	52.7	58.5	66.0	71.8	73.8	73.4	69.3	60.1	52.3	45.2	59.3
1370	33.18	99.18	0	54.7	60.1	68.6	76.7	84.5	91.7	96.8	96.0	88.6	78.7	65.8	57.0	76.6	41.4	46.1	54.4	62.3	71.1	79.1	83.7	82.7	75.4	64.9	52.6	44.0	63.1	28.1	32.1	40.1	47.9	57.7	66.5	70.5	69.4	62.1	51.0	39.3	30.9	49.6
345	28.42	98.53	1	66.2	71.3	79.3	85.4	90.8	95.7	98.7	98.6	93.6	85.6	75.3	67.7	84.0	53.2	57.7	65.4	71.6	78.4	83.2	85.5	85.1	80.6	72.3	62.7	55.0	70.9	40.1	44.1	51.5	57.8	66.0	70.7	72.2	71.5	67.6	59.0	50.1	42.2	57.7
190	31.18	93.57	0	57.4	61.4	69.0	76.0	84.1	90.4	93.9	93.5	88.4	79.5	68.5	60.6	76.9	46.4	49.7	57.3	63.9	72.3	78.9	82.0	81.4	76.4	66.3	56.3	49.0	65.0	35.3	38.0	45.5	51.8	60.5	67.3	70.1	69.2	64.3	53.1	44.1	37.3	53.0
3525	31.40	106.05	0	59.5	66.2	73.1	81.0	89.1	96.4	95.3	92.4	88.1	80.0	67.8	59.6	79.0	43.3	49.1	55.2	62.5	70.4	78.6	80.2	78.1	72.9	62.5	50.2	43.3	62.2	27.0	31.9	37.3	43.9	51.7	60.7	65.1	63.7	57.7	45.0	32.6	26.9	45.3
214	30.80	94.18	0	59.2	63.9	70.7	76.9	83.6	89.2	92.1	92.3	87.6	79.0	68.8	61.6	77.1	48.8	52.6	59.7	65.9	73.5	79.3	81.9	81.7	77.2	67.6	58.3	51.0	66.5	38.3	41.3	48.7	54.9	63.3	69.3	71.6	71.0	66.8	56.1	47.7	40.3	55.8
1571	33.75	99.87	0	54.2	59.6	68.6	77.8	85.8	93.6	98.5	96.5	88.7	78.8	65.2	56.1	77.0	40.7	45.5	53.8	63.0	71.9	80.3	84.9	83.1	75.5	64.8	51.8	42.9	63.2	27.1	31.4	38.9	48.2	57.9	67.0	71.3	69.6	62.2	50.8	38.3	29.6	49.4
3470	34.53	101.77	0	50.4	55.3	63.2	71.6	79.5	87.9	91.1	89.2	83.1	73.9	60.6	51.6	71.5	36.3	40.6	47.6	56.0	65.1	74.1	77.8	76.1	69.5	59.0	46.1	37.7	57.2	22.2	25.8	32.0	40.4	50.7	60.2	64.4	63.0	55.8	44.1	31.6	23.8	42.8
2330	34.40	100.90	0	52.5	58.8	66.7	75.7	83.0	90.6	94.9	93.0	85.8	76.4	63.3	53.8	74.5	38.1	43.5	50.8	60.2	68.9	77.0	81.3	79.5	72.2	61.7	49.1	39.9	60.2	23.7	28.1	34.8	44.7	54.7	63.3	67.7	66.0	58.5	46.9	34.8	26.0	45.8
550	32.30	95.30	0	57.2	63.5	72.0	78.3	83.9	90.0	93.6	94.0	88.1	78.5	66.6	58.4	77.0	47.5	52.4	60.3	66.6	73.3	79.9	83.4	83.3	77.4	67.4	57.5	49.1	66.5	37.7	41.2	48.6	54.8	62.7	69.8	73.1	72.5	66.7	56.3	48.3	39.8	56.0
912	29.22	99.77	1	63.9	69.1	76.0	82.7	87.9	92.7	95.9	95.9	91.5	82.9	72.4	65.4	81.4	50.6	55.4	62.4	70.0	76.7	81.7	83.9	83.6	79.5	70.6	60.0	52.7	68.9	37.2	41.7	48.8	57.2	65.5	70.7	71.8	71.2	67.4	58.2	47.6	39.9	56.4
920	29.18	99.83	1	64.0	68.5	76.5	82.4	89.4	94.3	97.3	96.9	92.0	83.5	72.5	64.7	81.8	50.3	54.9	62.8	69.4	76.8	82.0	84.3	84.0	79.3	70.5	59.7	51.6	68.8	36.5	41.3	49.0	56.3	64.2	69.7	71.2	71.0	66.6	57.4	46.8	38.5	55.7
4430	30.58	104.50	0	60.1	65.6	72.1	80.0	87.4	93.9	91.9	90.2	86.4	78.9	67.9	60.6	77.9	43.4	48.0	54.1	61.6	69.7	77.2	77.2	75.6	71.3	62.5	51.3	44.4	61.4	26.7	30.4	36.0	43.1	52.0	60.4	62.4	60.9	56.1	46.0	34.6	28.2	44.7
3955	31.05	104.83	0	57.6	63.1	69.9	77.4	85.4	92.5	91.7	89.6	84.5	76.9	66.1	58.0	76.1	42.7	47.3	53.7	60.8	69.6	77.5	78.3	76.5	70.8	61.8	50.8	43.2	61.1	27.8	31.4	37.5	44.1	53.8	62.4	64.8	63.4	57.1	46.7	35.4	28.4	46.1
1227	34.15	99.33	0	52.1	58.3	67.0	75.4	83.9	92.0	97.2	95.6	87.1	77.2	63.6	54.3	75.3	38.9	44.5	52.9	61.7	71.3	79.8	84.5	83.0	74.9	63.8	50.8	41.3	62.3	25.7	30.7	38.8	48.0	58.7	67.5	71.8	70.4	62.6	50.4	38.0	28.3	49.2
115	28.87	96.93	1	62.8	66.6	73.4	79.2	85.1	90.3	93.4	93.7	89.9	83.0	73.0	65.2	79.6	53.2	56.7	63.7	69.7	76.6	81.8	84.2	84.2	80.1	72.3	62.7	55.2	70.0	43.6	46.7	53.9	60.1	68.1	73.3	75.0	74.6	70.3	61.6	52.3	45.2	60.4
495	31.60	97.22	0	56.9	62.3	70.0	77.6	84.2	91.4	95.9	95.9	89.7	79.5	67.5	59.4	77.5	45.1	49.9	57.8	65.5	73.5	80.7	84.9	84.4	78.0	67.5	56.1	47.7	65.9	33.3	37.5	45.5	53.4	62.7	70.0	73.9	72.9	66.2	55.4	44.7	36.0	54.3
500	31.62	97.23	0	57.0	62.3	70.2	77.6	84.8	92.0	96.7	96.9	90.1	80.4	67.8	59.1	77.9	46.1	50.8	58.5	65.9	74.1	81.3	85.4	85.2	78.6	68.6	56.8	48.3	66.6	35.1	39.3	46.8	54.2	63.3	70.6	74.1	73.5	67.0	56.7	45.8	37.5	55.3
215	30.33	96.15	0	59.9	64.1	71.8	78.4	85.4	91.5	95.6	96.1	90.4	81.9	70.7	62.4	79.0	49.1	53.1	60.7	67.2	74.9	81.0	83.9	83.9	78.5	69.2	59.4	51.3	67.7	38.2	42.0	49.5	55.9	64.3	70.4	72.1	71.6	66.6	56.5	48.0	40.1	56.3
2120	31.67	100.73	0	58.1	63.6	71.9	79.6	86.4	91.0	94.6	93.4	87.2	78.9	67.5	59.4	77.6	43.0	47.5	55.6	63.4	71.8	78.1	81.5	80.2	73.7	64.1	52.1	44.3	62.9	27.8	31.3	39.2	47.1	57.2	65.1	68.4	66.9	60.1	49.2	36.7	29.2	48.2
630	32.42	96.85	0	56.9	62.7	70.6	77.5	84.3	91.5	96.0	95.8	89.3	80.1	67.4	58.9	77.6	46.0	51.1	58.8	65.8	73.5	80.5	84.6	84.1	77.8	68.2	56.6	48.2	66.3	35.0	39.4	46.9	54.1	62.6	69.5	73.2	72.4	66.2	56.2	45.7	37.5	54.9
955	32.75	97.77	0	54.2	59.5	67.8	75.8	82.7	90.1	95.2	95.2	88.0	78.1	65.6	56.9	75.8	41.6	46.7	54.6	62.7	71.1	78.8	83.3	82.7	75.4	64.8	53.0	44.3	63.3	29.0	33.9	41.3	49.6	59.5	67.4	71.3	70.1	62.8	51.4	40.4	31.7	50.7
50	28.10	97.42	1	64.6	68.8	74.2	79.7	84.5	89.7	92.4	93.2	89.7	83.5	74.5	67.0	80.2	54.0	58.2	64.4	70.3	76.4	81.3	83.5	83.8	80.0	72.5	63.9	56.2	70.4	43.4	47.5	54.5	60.9	68.2	72.9	74.5	74.3	70.3	61.4	53.2	45.4	60.5
2040	34.83	100.22	0	54.2	59.6	69.4	78.3	85.3	93.0	97.9	96.0	88.7	78.4	64.6	55.4	76.7	40.6	45.4	54.0	62.4	71.0	79.1	83.8	82.1	74.7	64.1	51.1	42.5	62.6	27.0	31.2	38.6	46.4	56.7	65.1	69.6	68.1	60.6	49.7	37.6	29.5	48.3
75	26.15	97.97	1	69.4	73.3	80.1	84.8	89.3	93.1	95.4	95.8	91.9	86.1	78.3	71.3	84.1	58.6	62.1	68.8	74.2	79.5	83.1	84.5	84.7	81.4	74.9	67.4	60.5	73.3	47.7	50.9	57.5	63.6	69.6	73.1	73.6	73.5	70.8	63.7	56.4	49.6	62.5
574	31.85	97.37	0	56.3	61.5	69.4	76.8	83.9	91.2	96.2	96.2	89.6	79.8	67.3	58.8	77.3	44.5	49.2	57.2	64.7	72.9	80.0	83.9	83.6	77.5	67.1	55.8	47.2	65.3	32.7	36.8	45.0	52.6	61.9	68.8	71.6	70.9	65.3	54.4	44.2	35.6	53.3
1030	33.98	98.50	0	52.1	58.1	67.2	75.5	83.5	91.7	97.2	95.8	87.5	77.1	63.7	54.5	75.3	40.5	45.7	54.2	62.4	71.4	79.7	84.8	83.5	75.6	64.7	51.9	42.9	63.1	28.9	33.4	41.1	49.3	59.3	67.8	72.4	71.3	63.7	52.4	40.1	31.3	50.9
522	32.70	96.02	0	52.3	57.8	65.7	73.5	80.9	88.3	93.3	93.8	86.9	76.8	64.1	55.1	74.0	41.9	46.8	54.5	61.9	70.2	77.6	81.9	81.7	75.2	64.8	53.0	44.5	62.8	31.4	35.8	43.2	50.2	59.5	66.8	70.4	69.6	63.4	52.8	41.8	33.9	51.6
2807	31.78	103.20	0	58.9	65.3	72.9	81.3	89.1	95.5	96.1	94.5	88.1	79.9	68.1	60.2	79.2	43.4	48.9	56.4	64.7	73.7	81.1	83.0	81.5	74.9	64.9	52.4	44.4	64.1	27.8	32.4	39.8	48.0	58.2	66.7	69.9	68.5	61.6	49.8	36.7	28.5	49.0
1862	31.97	99.97	0	58.4	63.6	72.4	80.7	87.2	92.3	95.6	94.7	88.5	79.9	67.4	59.8	78.4	45.0	49.7	57.9	65.6	73.8	79.9	83.1	82.2	75.9	66.9	54.7	46.7	65.1	31.5	35.8	43.3	50.4	60.3	67.4	70.5	69.6	63.3	53.8	41.9	33.5	51.8
282	33.30	94.17	0	53.0	59.3	67.1	74.7	82.0	89.6	93.9	93.6	86.6	76.4	64.3	55.7	74.7	42.0	47.1	55.3	62.7	70.7	78.3	82.3	81.2	74.2	63.0	52.5	44.6	62.8	30.9	34.9	43.5	50.6	59.4	66.9	70.6	68.8	61.8	49.5	40.7	33.5	50.9
325	29.27	97.12	1	62.2	66.2	73.1	79.5	85.5	90.9	94.2	94.9	90.6	82.8	71.9	64.5	79.7	50.9	54.5	61.6	68.1	74.9	80.4	82.6	82.8	78.7	70.5	60.4	53.0	68.2	39.5	42.8	50.1	56.7	64.3	69.8	71.0	70.7	66.8	58.1	48.9	41.5	56.7
3670	31.70	106.32	0	60.5	66.3	73.7	81.4	89.9	98.8	98.7	95.7	90.5	81.4	69.5	60.5	80.6	44.9	50.0	56.9	64.2	73.0	81.8	83.6	81.3	75.4	64.9	52.9	44.7	64.5	29.2	33.6	40.0	46.9	56.0	64.7	68.5	66.8	60.3	48.3	36.3	28.8	48.3
320	26.88	99.30	1	67.0	72.4	81.2	87.6	92.8	96.4	98.0	98.0	92.9	85.4	76.3	67.9	84.7	56.2	60.8	68.8	75.9	81.9	85.6	87.0	87.0	82.6	75.1	65.8	57.7	73.7	45.4	49.2	56.4	64.2	71.0	74.8	76.0	75.9	72.3	64.7	55.3	47.4	62.7
